40000
48,735
125,439
105,961
112,700
68,474
55,301
68,373
67,885
41,254
87,578
10,369
99,951
145,347
6,848
35,533
115,702
104,155
134,410
141,88
23,703
94,64
199,18
152,977
75,548
54,802
143,328
98,638
9,868
16,959
116,278
188,200
86,127
145,831
88,595
87,659
186,347
103,864
117,699
75,281
193,461
72,144
94,23
87,498
188,737
19,895
197,795
12,620
60,727
169,486
87,273
18,641
133,210
133,814
192,599
187,96
154,295
27,402
153,255
90,360
18,986
150,798
37,420
145,187
18,206
185,155
155,252
46,422
126,831
74,899
123,919
52,381
167,355
125,784
114,706
126,347
30,636
102,880
191,221
143,786
65,459
139,465
93,407
159,623
127,625
52,485
177,853
94,645
193,799
184,55
58,47
91,107
26,173
177,700
135,242
108,156
66,655
122,217
73,168
122,141
128,938
119,862
108,338
150,26
92,14
115,852
119,307
108,441
37,312
28,764
68,886
188,94
108,956
109,605
180,588
170,530
16,723
197,792
182,852
30,84
30,704
129,385
43,621
57,759
56,312
63,712
171,504
92,872
107,414
18,390
50,416
97,966
1,682
93,260
71,168
149,327
134,982
25,893
63,410
6,129
154,872
149,437
119,765
191,15
97,812
175,886
120,652
50,570
166,309
117,645
92,882
31,253
190,177
85,34
144,895
30,607
166,435
133,951
59,767
190,784
146,459
141,815
85,184
117,214
127,788
57,12
149,436
198,855
144,220
91,26
57,39
20,349
118,172
29,791
131,714
150,307
161,89
56,838
7,854
62,274
42,317
43,204
14,544
96,786
41,381
76,275
53,326
166,543
85,876
42,973
116,704
2,169
52,465
14,491
32,709
195,537
37,519
3,857
6,639
95,68
147,539
187,152
92,28
122,712
136,881
166,390
113,499
64,342
122,445
138,550
99,415
188,726
52,995
185,164
70,173
71,271
181,509
109,166
123,601
185,582
57,781
145,563
83,536
188,923
55,49
139,58
176,993
155,16
9,735
3,6
13,191
153,739
34,299
32,156
143,233
70,518
15,365
175,671
107,513
116,9
171,99
163,928
89,523
186,54
97,638
63,786
108,867
169,762
70,624
189,907
159,516
185,846
102,778
184,477
139,575
5,751
194,169
177,985
116,608
75,499
102,865
132,773
86,114
190,586
84,70
22,731
185,47
148,436
9,227
21,849
169,225
140,59
82,585
73,603
44,593
40,832
149,406
78,894
52,959
191,729
25,728
14,348
170,714
79,641
92,680
144,829
55,47
162,86
28,108
100,613
33,150
180,336
161,552
82,715
63,662
195,102
143,535
42,13
143,415
168,26
200,273
43,970
58,700
179,995
62,420
117,584
33,538
195,875
132,926
63,442
159,48
124,553
151,336
96,21
133,938
24,721
94,778
174,81
56,741
6,111
70,569
47,606
168,104
117,88
65,646
116,896
45,637
192,510
37,391
93,488
138,11
116,690
150,364
40,167
184,99
61,488
50,643
44,300
117,506
92,65
177,61
44,56
66,732
101,580
152,696
16,542
27,318
92,227
144,203
176,365
48,693
162,347
168,287
137,312
79,182
23,173
141,371
178,971
54,772
150,22
123,391
130,26
125,582
181,942
70,427
119,783
93,611
178,148
35,963
181,938
112,166
160,720
105,249
4,357
182,362
183,181
34,133
189,244
49,182
167,133
107,797
178,60
58,567
130,851
45,581
111,842
1,688
99,575
120,972
6,8
194,7
106,640
98,787
144,304
116,16
106,578
120,537
4,186
39,956
99,251
6,909
109,67
129,794
106,363
199,382
117,446
62,464
197,668
58,896
44,137
26,367
134,881
7,376
59,542
129,777
53,94
115,161
44,44
120,712
20,443
174,642
51,5
122,846
66,10
180,242
116,469
72,275
56,869
14,867
120,191
94,578
96,153
41,273
154,797
192,488
170,955
191,56
113,469
24,616
98,109
157,303
91,124
153,422
190,272
119,967
21,353
17,13
107,32
27,531
118,701
6,864
66,758
64,837
71,932
29,375
34,205
132,942
123,854
117,52
97,446
107,227
115,699
185,183
154,483
146,898
91,820
138,697
35,786
5,469
109,251
155,918
189,353
26,75
100,681
176,3
143,891
108,644
132,198
16,648
63,285
75,680
186,261
111,888
165,766
130,26
14,788
158,795
17,264
51,208
108,436
126,219
130,476
142,517
101,776
63,57
118,214
2,834
149,709
155,425
10,566
15,795
93,822
22,400
181,285
80,127
16,40
121,629
151,673
153,27
56,473
161,288
191,398
174,321
140,532
112,976
158,284
191,769
187,786
197,98
180,693
198,253
6,524
74,829
120,798
91,535
166,954
169,264
52,173
121,484
69,37
128,849
37,753
184,554
68,319
185,197
58,404
66,515
107,915
79,443
37,986
181,725
21,679
45,154
116,248
147,326
164,447
89,103
17,460
74,89
176,292
138,162
61,193
41,785
10,339
56,679
104,881
40,598
146,608
81,587
169,512
126,375
11,431
124,792
41,562
191,594
19,471
89,183
199,354
102,424
58,174
92,567
113,100
104,54
118,812
199,540
179,989
191,659
176,315
19,985
122,719
52,129
28,135
124,954
74,873
184,426
90,810
7,328
154,222
65,524
3,634
141,414
171,370
36,577
7,277
45,802
187,28
191,978
40,306
65,871
142,744
70,273
177,305
134,106
103,877
45,811
111,349
115,826
11,462
15,796
165,163
107,239
174,928
42,285
4,13
168,320
186,876
45,116
79,797
126,766
47,785
36,865
87,183
107,697
3,857
30,860
80,993
137,100
116,863
65,641
156,279
22,122
6,960
103,486
152,950
9,660
10,556
125,910
139,194
74,166
54,83
55,365
186,590
112,267
68,652
118,980
67,867
179,405
113,589
159,101
1,830
75,909
102,701
81,231
16,562
148,628
38,876
74,995
22,875
20,363
67,275
82,636
138,615
43,805
94,159
163,695
136,825
31,485
32,760
6,437
116,235
186,463
168,999
149,457
92,608
120,579
63,363
82,884
130,367
14,349
73,266
83,513
110,283
161,162
143,821
159,279
38,396
93,703
7,842
149,460
111,916
7,612
147,168
170,588
85,616
184,284
187,26
96,420
8,809
40,290
199,209
193,716
93,641
41,830
125,419
121,43
49,320
184,283
15,284
121,823
42,386
28,778
13,244
23,666
188,416
5,311
96,70
60,273
1,866
74,820
39,495
134,538
88,457
6,653
12,86
100,958
136,189
6,112
138,648
98,746
102,420
148,841
95,810
86,3
145,304
155,315
26,758
194,210
59,213
123,95
5,918
107,433
72,428
99,402
124,801
194,738
173,17
50,985
81,312
72,580
112,494
191,829
126,744
72,557
13,322
61,740
28,191
84,384
122,339
141,937
99,845
137,450
16,903
59,563
12,155
57,289
133,752
151,87
67,670
127,404
172,632
34,255
138,838
57,966
167,300
73,104
49,173
6,581
83,835
134,987
12,213
163,735
29,332
195,930
73,38
176,247
103,819
97,497
57,500
6,205
88,946
155,987
69,954
150,656
163,10
190,372
194,440
88,242
91,91
129,589
42,346
177,292
