30000
164,303
85,300
95,918
89,472
2,353
167,211
197,699
47,184
51,198
91,79
141,138
4,721
187,789
105,422
130,280
200,793
43,233
118,282
127,668
27,542
163,667
189,845
122,887
198,839
159,626
164,372
6,210
111,5
50,446
109,507
23,317
137,180
56,788
76,44
99,424
134,735
94,603
173,266
122,610
153,426
110,63
99,835
43,926
121,915
200,96
168,100
80,778
165,614
175,867
149,658
145,687
67,32
153,431
87,162
124,672
88,395
2,901
155,505
131,441
89,662
165,791
14,581
189,271
156,434
188,987
143,311
139,660
118,754
56,711
13,21
36,3
118,970
106,722
38,526
91,161
196,869
166,887
132,212
178,661
164,97
98,114
183,536
74,685
164,978
103,161
139,784
155,451
37,827
190,847
187,87
174,436
127,366
92,272
125,171
160,838
121,280
164,417
66,667
29,576
85,611
180,945
136,90
32,542
77,372
155,341
196,751
131,433
99,584
106,72
117,966
105,694
71,139
77,884
108,60
31,42
66,214
18,224
35,383
29,594
95,41
72,682
28,329
15,788
127,555
108,729
50,587
102,892
27,425
178,824
93,974
187,232
60,886
167,655
92,551
125,218
159,781
104,125
47,711
86,417
149,112
147,741
175,683
89,689
1,590
114,831
34,461
135,34
61,470
21,425
61,87
68,196
105,93
127,985
195,136
95,771
61,620
39,417
44,495
46,105
157,304
172,651
159,2
89,555
15,443
172,91
191,48
11,291
138,405
89,916
163,249
97,344
59,485
97,879
172,246
92,770
161,979
2,501
16,666
165,198
107,438
106,93
128,2
64,951
78,392
144,478
100,522
23,711
134,206
166,439
102,30
21,229
146,144
25,551
153,695
113,955
40,332
139,622
5,80
193,539
141,923
102,816
117,285
161,672
157,305
12,961
153,973
90,501
193,253
162,502
154,364
135,279
84,387
45,201
74,440
132,186
50,239
137,891
25,193
170,149
148,167
15,121
4,451
159,457
50,846
63,47
95,549
162,77
13,159
101,885
101,628
161,813
92,354
120,156
155,918
106,990
150,45
73,566
89,69
9,662
197,666
148,184
1,852
138,669
112,740
150,81
108,545
179,696
128,489
36,128
30,760
79,886
91,940
52,898
133,936
19,964
16,500
95,749
102,734
90,827
30,59
153,622
37,226
130,980
71,75
183,54
19,132
33,120
118,513
194,337
42,293
139,110
83,871
3,942
83,592
183,114
53,640
172,649
65,273
118,100
40,870
30,775
144,654
154,89
188,879
168,339
69,287
125,985
170,687
142,413
85,593
141,613
16,160
84,417
126,6
35,475
100,890
59,556
6,974
152,89
52,801
68,316
134,679
182,794
55,783
6,668
173,396
130,794
22,255
152,780
42,433
190,21
156,777
1,241
26,196
130,437
171,197
30,452
111,343
12,194
28,411
190,782
193,76
114,70
165,589
185,588
31,403
169,121
151,848
103,564
19,393
69,313
63,619
92,386
153,291
132,351
161,978
66,159
177,648
13,7
97,228
134,550
27,855
100,170
50,788
4,491
94,307
15,362
147,918
100,92
190,556
158,112
96,643
168,221
3,749
162,179
129,785
94,749
146,651
112,305
130,325
15,377
99,691
14,410
171,449
118,579
82,325
52,458
21,816
19,77
171,502
12,335
149,176
107,20
195,390
118,664
74,418
3,718
198,579
39,172
92,501
196,897
145,99
138,817
177,547
93,962
89,990
19,522
134,719
32,700
152,287
169,586
138,711
175,233
176,821
99,575
159,228
79,967
104,657
180,853
39,37
99,176
146,991
160,72
72,510
132,572
51,391
137,380
197,439
76,167
6,106
72,262
116,97
25,156
158,89
44,253
64,694
154,562
166,31
141,795
61,921
37,263
115,725
81,343
122,197
83,808
192,559
3,243
193,313
12,670
153,145
168,298
63,564
187,785
123,520
117,682
24,297
7,20
85,976
154,169
150,261
109,97
56,342
36,420
136,640
195,50
184,879
92,688
86,106
12,807
81,151
124,63
61,108
196,541
80,418
70,700
61,129
72,669
139,336
165,251
170,251
41,505
49,615
91,166
124,793
32,857
26,593
186,451
11,52
36,345
141,633
110,51
35,184
67,399
73,212
125,795
158,732
157,477
76,949
154,941
42,109
167,679
107,169
93,631
105,172
193,147
193,803
3,258
136,580
57,531
146,323
171,786
20,227
45,47
52,833
67,587
169,964
26,100
75,439
181,271
172,155
121,229
168,693
118,98
168,732
80,214
124,816
134,705
96,55
82,981
71,607
181,255
139,284
102,420
139,832
77,226
89,584
65,672
45,543
53,186
167,473
115,624
134,692
26,56
125,415
110,681
180,344
147,801
18,284
142,906
67,598
198,293
39,248
83,623
52,782
55,535
42,324
26,801
193,274
157,971
46,836
129,405
154,806
50,99
149,674
182,314
79,222
56,832
39,938
77,673
128,478
169,94
165,898
16,5
123,789
46,487
185,565
41,172
129,507
54,319
12,853
87,823
41,925
123,142
64,78
113,825
115,249
194,514
70,853
47,420
88,401
2,69
195,347
133,892
3,631
49,912
116,698
135,906
11,110
117,830
51,421
124,179
154,275
165,916
166,649
18,955
180,831
30,305
153,592
194,188
80,536
162,802
93,508
39,982
40,763
25,89
91,189
200,558
108,143
119,353
171,699
