5000
64,102
134,684
70,387
133,616
27,279
124,975
41,975
151,904
133,628
27,419
163,518
40,596
52,577
58,437
128,163
33,226
90,915
136,849
122,780
113,910
111,703
174,895
29,768
188,50
97,347
161,770
123,182
47,790
127,924
186,796
165,128
195,51
72,793
46,333
38,426
64,998
105,718
65,764
160,851
170,207
137,430
122,390
34,844
180,466
185,879
53,985
145,354
153,22
45,278
62,845
47,880
38,579
65,532
165,108
141,145
73,843
96,32
173,22
12,561
60,320
182,435
72,942
178,558
136,442
191,231
158,244
122,160
152,798
177,304
24,369
89,336
70,338
119,130
169,307
47,270
26,139
54,887
85,383
74,322
78,200
179,206
9,863
52,954
36,170
58,821
159,998
27,489
110,302
184,420
119,803
168,987
75,290
104,244
65,680
86,124
103,434
40,572
127,959
164,615
32,369
