50000
89,132
128,808
44,785
170,627
24,539
49,218
167,799
152,98
118,613
56,291
38,549
144,275
18,42
130,93
66,983
185,355
42,406
92,889
172,561
64,335
70,978
25,355
127,949
171,458
11,120
91,357
81,988
92,866
83,562
93,326
191,658
44,42
186,637
75,970
118,82
78,64
195,437
43,349
169,900
121,13
76,51
152,71
107,389
144,803
70,788
5,12
143,189
56,396
16,157
42,931
171,809
190,958
15,666
133,970
73,394
18,553
85,559
112,590
92,189
17,939
7,937
44,728
178,54
54,129
62,411
91,659
195,86
47,638
82,560
102,270
37,132
132,380
162,430
46,847
199,238
84,907
120,602
157,850
100,110
90,343
96,222
76,6
29,397
87,6
146,158
116,147
128,930
145,55
31,609
15,771
139,13
155,678
78,818
198,813
134,293
45,308
132,290
138,535
126,258
36,562
9,139
146,25
61,761
18,232
154,97
127,730
63,690
63,745
48,136
112,616
122,20
74,282
45,116
135,26
36,420
76,956
46,835
103,280
94,459
110,686
169,794
103,610
18,361
79,244
46,581
82,42
150,754
77,978
24,704
103,18
194,742
180,976
143,378
32,468
48,152
17,376
45,493
113,327
8,390
61,761
111,701
25,137
95,111
76,98
153,197
161,696
140,990
142,819
55,663
98,612
160,809
96,720
150,999
34,274
109,712
172,561
159,319
135,686
189,46
169,95
80,333
161,856
126,901
122,887
47,432
192,402
127,639
25,554
16,150
3,289
61,322
157,533
116,837
155,194
168,859
14,730
176,774
85,677
80,223
76,345
87,232
92,239
109,247
168,958
31,827
143,124
14,692
115,438
31,648
92,774
183,682
92,798
44,593
140,639
66,90
174,493
22,205
178,899
144,568
132,850
166,160
44,643
138,576
119,654
170,116
105,830
52,531
197,111
106,743
52,739
105,681
122,671
78,649
132,948
76,903
105,113
86,929
117,222
28,198
37,770
52,681
167,805
154,558
97,210
12,351
3,850
12,845
176,184
3,764
83,890
29,743
124,449
157,527
3,22
155,269
163,713
60,369
42,768
41,438
130,821
38,369
78,182
162,39
161,660
119,235
52,851
163,24
196,215
155,719
183,522
101,62
22,883
53,250
75,669
165,915
146,780
39,666
28,913
86,885
18,193
144,789
62,887
82,775
173,102
13,457
196,880
126,690
34,455
110,166
49,739
58,459
91,747
60,893
39,502
34,56
6,71
61,684
85,25
84,310
86,883
129,795
59,146
82,498
184,728
60,576
159,95
148,701
190,267
173,847
13,125
107,191
172,649
165,262
64,616
124,487
119,726
14,295
128,390
79,407
11,120
62,864
183,396
154,734
158,581
90,348
134,125
131,527
55,279
186,976
57,107
132,380
146,876
70,548
187,917
28,312
139,815
178,504
143,989
46,517
128,323
118,710
2,356
51,288
137,165
111,155
152,888
67,985
20,994
7,52
84,909
7,287
144,707
142,435
4,274
38,510
41,868
181,438
31,836
126,191
62,990
54,813
66,504
61,356
56,790
83,199
31,736
62,284
135,281
159,326
6,242
158,533
148,494
90,325
127,554
32,214
143,963
41,524
94,404
138,881
161,836
181,321
121,898
196,78
29,97
139,952
73,389
126,575
19,771
137,360
129,960
103,303
147,612
50,652
71,993
13,31
66,87
115,440
109,58
42,612
123,210
67,214
23,26
45,363
85,486
62,219
57,8
81,991
90,292
52,271
53,638
13,782
103,172
38,130
193,736
10,532
80,820
144,69
113,950
192,56
163,216
46,439
37,772
167,966
96,757
8,520
170,473
143,738
108,954
31,881
22,453
139,981
96,884
100,311
114,781
60,921
146,752
124,982
135,856
98,122
161,661
12,656
133,61
195,136
64,122
79,874
104,598
112,590
172,537
129,510
16,965
101,996
109,534
119,8
6,162
85,554
6,492
77,57
81,858
40,871
180,293
139,48
138,753
76,867
45,715
5,311
26,684
95,637
13,278
155,244
45,783
185,548
16,447
155,544
156,949
173,95
180,887
199,368
145,404
175,963
16,90
90,136
95,216
14,42
50,998
74,422
50,265
138,130
135,761
142,505
61,182
138,363
92,406
26,364
80,607
72,440
62,765
49,987
191,486
112,577
74,771
129,721
73,894
51,340
131,279
77,408
141,311
198,573
126,383
4,358
181,217
173,169
54,810
6,808
198,415
158,993
199,372
47,47
106,240
166,104
46,704
104,565
35,310
77,765
152,143
149,819
187,776
52,430
94,796
128,978
123,957
81,652
156,33
22,20
125,401
71,966
11,112
35,95
178,506
185,780
67,662
130,315
82,742
44,354
33,622
27,577
12,945
26,378
36,473
160,751
82,909
181,34
82,307
75,529
152,696
159,66
73,425
56,705
136,360
113,681
40,490
179,551
157,499
5,386
104,872
135,464
84,366
145,150
21,245
74,975
55,888
128,733
178,116
187,567
22,849
35,642
109,245
47,403
150,973
119,172
93,930
122,87
9,385
8,251
173,843
45,416
152,570
4,665
105,566
49,936
103,724
10,11
192,308
122,30
140,729
198,423
194,345
171,700
114,315
173,275
161,534
118,412
34,896
140,752
196,700
10,630
195,596
118,563
82,471
109,168
125,90
88,680
128,898
122,684
127,810
79,383
95,807
85,150
2,743
147,573
16,931
191,650
118,867
177,577
132,387
194,706
36,637
132,492
193,572
158,226
70,485
187,823
44,232
85,418
116,452
149,637
70,997
68,614
34,765
99,9
96,920
158,361
144,948
30,759
82,899
63,249
116,979
170,523
99,432
19,736
67,476
117,412
136,611
82,280
159,719
93,968
132,364
40,841
104,932
28,165
106,863
3,308
14,93
40,289
135,662
100,641
88,125
185,252
38,598
190,738
97,233
19,166
143,743
94,30
111,492
7,135
112,996
73,666
24,74
168,251
79,238
58,778
156,744
200,477
92,124
93,818
49,778
127,917
199,471
49,934
181,868
48,819
83,330
93,764
79,142
128,732
39,83
84,127
186,577
79,647
175,976
149,531
20,546
8,721
163,29
152,162
96,880
7,928
19,886
120,789
113,959
148,892
71,136
109,659
196,908
168,700
35,180
60,403
197,101
165,583
26,701
105,428
126,203
41,344
189,508
109,300
123,44
31,539
9,568
69,531
151,693
187,152
133,319
18,809
87,876
32,14
178,67
138,100
130,94
34,967
104,438
126,516
44,943
43,321
174,881
61,168
65,616
100,100
113,127
179,262
95,117
159,525
139,500
71,565
149,157
3,862
14,845
116,275
57,662
37,520
9,719
126,595
89,177
14,786
118,430
33,634
121,983
39,603
156,380
91,703
168,811
146,60
25,877
113,516
135,348
152,703
149,327
186,409
78,779
157,195
32,849
178,210
119,123
102,285
77,582
171,435
178,369
83,623
91,833
136,1
23,304
133,683
24,554
125,370
23,537
44,525
138,247
110,809
143,168
153,180
78,62
181,213
129,774
170,512
82,169
112,404
43,103
25,46
200,693
80,68
156,175
82,884
32,774
2,216
55,250
163,880
123,71
82,445
85,855
9,537
73,41
150,825
2,370
189,136
64,180
24,919
17,410
153,307
80,110
10,552
55,144
64,61
13,857
175,167
125,446
167,789
147,772
35,528
181,677
123,585
190,962
12,28
172,788
100,823
29,164
133,650
42,296
181,634
106,411
128,319
130,188
183,266
144,987
94,706
104,34
161,356
81,947
61,778
57,62
147,656
125,220
61,135
182,933
156,871
106,516
63,109
89,986
12,395
195,673
165,29
84,45
65,309
146,707
73,232
34,950
28,411
123,372
62,371
155,600
46,534
94,995
136,23
129,400
116,531
1,482
173,286
3,871
5,191
86,692
166,144
155,637
31,424
70,868
103,481
90,317
36,627
81,156
54,372
91,304
132,493
109,871
196,504
188,471
168,983
134,127
8,286
17,850
92,253
144,76
177,395
180,498
7,807
100,884
17,72
199,74
178,786
45,806
42,62
4,80
49,832
18,867
11,103
190,285
99,265
169,122
93,489
92,4
156,536
70,233
154,917
29,36
191,501
11,685
85,763
131,400
101,547
80,873
9,732
40,324
106,713
35,678
103,433
88,865
90,813
18,255
50,968
183,373
166,323
33,489
152,643
65,366
26,288
9,497
99,869
87,816
140,486
104,255
179,968
56,620
148,317
173,674
20,139
177,238
86,745
182,914
91,553
22,952
184,88
59,272
36,562
39,431
61,409
42,367
53,342
109,406
187,124
26,666
47,566
169,471
156,438
51,289
175,769
92,784
69,91
121,577
115,415
70,89
184,337
65,305
140,385
61,446
157,160
169,98
106,791
114,892
83,506
3,867
145,183
170,693
28,196
164,543
8,967
143,341
150,337
129,795
161,462
111,427
62,598
64,712
122,927
63,198
23,983
69,800
173,759
35,779
186,549
132,611
84,98
135,927
199,74
128,178
