15000
107,744
129,991
110,659
12,538
97,194
197,73
63,872
77,474
149,329
166,491
98,419
127,220
139,408
72,914
43,767
114,907
79,60
146,52
9,345
92,487
128,57
108,470
48,742
101,955
181,264
125,881
141,904
173,211
46,415
19,76
73,796
82,582
119,30
34,594
114,267
91,971
99,246
72,163
85,608
1,193
166,117
162,948
119,829
173,599
26,977
167,886
20,372
6,247
112,87
198,965
188,954
41,162
65,933
63,881
25,930
59,500
58,664
62,896
93,398
20,259
26,875
104,18
196,159
198,709
187,675
83,430
27,923
13,892
104,148
39,958
78,190
191,332
180,51
40,772
200,765
126,628
116,372
94,810
103,632
5,302
69,820
75,966
172,908
85,853
135,194
75,616
138,883
110,453
199,72
4,886
15,272
137,233
25,722
40,687
133,414
172,480
129,716
145,125
89,738
57,865
6,318
108,381
60,201
108,246
156,419
165,560
171,792
153,384
186,405
115,819
183,444
172,377
40,560
199,661
41,955
147,570
163,446
91,606
18,240
38,617
100,149
165,401
141,321
122,671
41,783
94,349
135,466
126,594
193,418
102,481
195,165
197,457
141,278
10,20
108,131
115,493
30,450
15,960
55,618
7,833
190,191
114,962
96,917
42,408
135,918
182,911
45,412
145,147
109,13
9,77
105,23
125,88
189,65
30,297
5,703
135,287
170,38
39,89
141,292
126,21
142,470
90,37
151,166
72,482
52,986
6,222
73,54
5,568
72,665
11,630
51,164
90,743
118,589
111,909
14,356
118,445
131,363
121,387
101,949
5,455
79,22
38,194
62,858
171,375
150,102
4,987
147,396
128,188
178,96
45,46
56,887
124,586
36,410
78,317
145,457
168,131
77,470
153,345
5,448
78,723
62,976
84,463
43,778
60,968
99,622
78,441
75,64
52,50
29,811
111,117
84,253
82,566
17,976
167,905
103,218
49,54
193,612
57,747
50,161
123,480
191,788
121,673
160,564
142,998
12,673
72,371
76,833
115,37
136,546
170,15
88,885
122,257
198,621
19,769
152,59
46,632
168,302
106,727
31,11
198,9
158,578
76,363
22,159
24,997
3,240
168,130
130,263
127,906
9,589
76,561
31,64
194,592
33,3
133,282
165,209
27,489
19,274
93,125
180,819
36,763
147,756
110,422
71,739
2,671
184,169
92,741
114,595
77,453
75,686
126,864
28,198
181,336
29,312
71,107
6,975
83,921
48,583
57,980
171,391
120,446
178,183
126,648
177,97
163,395
90,483
27,775
110,98
151,489
47,461
46,197
137,28
195,991
121,683
141,130
172,304
29,956
13,892
171,738
173,425
186,983
