10000
21,532
195,95
91,286
84,921
72,248
91,389
58,180
120,821
194,167
189,431
65,958
189,564
197,374
43,384
184,140
117,685
122,304
146,462
63,653
2,198
118,10
138,363
170,230
28,549
46,175
131,14
45,694
71,95
157,724
17,449
118,954
26,95
72,137
67,986
180,373
19,377
170,739
138,970
194,741
122,401
144,390
131,13
167,262
173,249
10,775
19,472
45,35
25,816
133,336
157,106
46,558
17,908
67,176
176,409
1,182
26,445
25,816
67,901
125,147
47,344
79,52
68,81
156,33
138,187
64,893
45,143
108,474
186,537
161,57
95,167
165,148
132,260
54,937
60,88
133,385
90,342
142,144
84,967
155,194
48,888
147,357
136,336
19,718
154,871
26,376
82,528
137,943
16,552
24,178
157,241
70,250
34,392
181,812
169,308
113,934
162,926
40,619
160,521
55,735
151,773
159,856
115,620
99,561
139,713
73,51
196,131
146,706
63,728
40,155
152,176
79,375
200,605
17,486
70,650
199,931
79,104
89,926
178,979
28,172
103,471
165,777
91,495
196,657
42,149
29,756
161,106
118,427
160,773
147,797
1,85
52,777
195,675
44,323
58,463
1,282
148,53
51,316
73,843
164,549
2,708
115,421
19,783
117,704
49,557
168,444
69,575
46,767
39,800
155,172
151,920
133,399
4,664
17,97
36,105
82,3
119,474
148,90
174,58
172,778
164,140
65,393
128,151
149,23
94,165
4,57
103,466
100,515
178,498
106,769
47,595
111,445
79,989
27,485
4,266
191,741
99,587
85,980
48,239
98,616
170,744
56,189
15,754
51,925
38,185
28,288
39,485
68,772
126,564
27,441
153,506
116,611
6,338
66,421
191,649
160,326
91,810
50,985
24,335
51,506
135,495
