25000
58,415
125,949
20,223
29,506
29,385
105,518
95,275
94,823
105,543
159,992
78,219
53,841
111,17
19,924
1,896
14,346
111,416
4,728
60,73
105,245
83,320
13,75
81,653
124,186
134,49
146,539
25,577
85,496
178,448
37,466
140,510
156,254
32,691
101,249
170,18
12,370
106,980
105,726
95,297
60,939
171,516
77,425
54,755
60,149
73,952
190,464
53,687
159,125
58,331
191,637
152,906
32,672
10,363
36,596
174,68
174,791
89,234
67,860
148,217
117,664
36,474
126,989
57,3
198,855
35,342
51,355
200,781
28,19
104,755
184,474
27,631
42,157
6,63
10,17
8,704
106,990
24,68
176,247
101,897
119,997
110,584
81,401
198,744
141,291
54,727
183,837
31,119
88,855
107,196
20,921
92,463
60,241
94,298
70,187
81,328
42,222
11,485
19,865
33,381
170,228
40,531
155,10
160,644
103,716
155,270
164,779
125,676
12,690
140,516
60,509
104,956
145,665
106,240
38,113
59,788
158,840
66,719
82,829
38,904
67,10
162,224
94,882
185,350
145,964
191,368
189,783
44,569
65,920
179,12
174,905
49,504
133,521
38,938
51,75
2,712
16,548
199,370
60,414
60,261
22,321
105,727
199,641
78,418
44,819
105,248
135,756
78,122
72,293
66,192
95,585
67,376
200,962
19,313
125,860
192,164
196,51
151,600
100,211
131,151
171,504
176,299
168,398
21,516
32,115
15,957
69,662
94,521
178,985
185,586
145,673
183,541
22,26
92,501
109,516
101,776
75,863
120,369
182,652
128,268
82,897
157,200
125,827
63,251
39,760
134,75
66,806
68,887
57,257
48,101
90,121
51,565
71,207
95,686
103,295
117,308
157,319
137,634
119,390
18,512
189,956
35,98
89,104
137,886
99,500
176,243
192,758
41,215
194,656
96,438
142,797
31,102
20,593
113,607
8,526
8,257
156,164
112,416
200,537
70,381
159,486
18,983
148,704
68,946
185,723
137,39
25,596
196,94
133,663
167,921
41,529
28,544
34,654
60,601
112,674
84,206
123,378
122,257
26,918
184,743
49,583
195,524
33,621
185,394
85,935
86,478
65,914
108,749
86,15
199,507
25,305
111,344
157,980
61,150
19,526
55,248
187,223
54,546
111,627
141,207
89,126
1,862
72,526
74,923
108,430
150,884
133,558
97,280
34,327
82,369
90,815
135,419
173,88
8,464
173,870
113,313
20,819
63,202
169,91
183,824
198,366
76,691
167,891
165,578
85,861
140,2
134,819
147,135
196,497
154,410
67,894
97,619
98,621
128,639
199,447
70,949
14,322
99,209
140,214
98,339
115,329
164,191
15,877
1,471
162,588
185,863
169,271
147,674
105,287
159,641
182,916
127,289
50,637
29,995
106,591
148,539
145,935
159,771
26,821
195,355
157,718
32,314
61,655
105,567
7,2
44,509
98,520
185,719
152,120
197,963
32,184
199,988
100,943
13,631
130,737
122,544
151,977
14,538
135,440
138,976
103,368
167,625
134,689
29,967
141,140
144,438
26,914
47,699
122,872
200,65
4,382
24,409
196,566
80,809
91,243
49,411
170,645
97,568
79,688
62,765
32,816
181,927
176,77
97,587
147,832
109,578
154,221
21,916
145,216
120,642
10,71
26,789
160,568
42,357
181,353
21,434
101,296
180,470
80,361
197,234
96,770
64,243
36,803
121,191
167,821
182,867
120,422
147,259
11,586
195,299
37,687
193,775
137,716
167,214
71,156
7,767
165,319
133,580
198,901
139,372
68,672
140,531
93,605
4,194
66,682
50,288
51,368
167,283
191,493
158,49
25,869
117,636
89,757
33,487
145,178
184,636
45,484
73,389
194,421
79,386
44,576
168,635
56,828
67,181
17,277
39,74
189,791
141,677
194,609
92,661
67,473
142,559
36,975
91,676
108,636
184,577
73,786
22,511
93,280
22,30
25,70
167,243
199,510
2,164
139,874
186,95
138,300
84,367
78,936
12,267
91,786
63,192
109,477
101,835
134,700
165,416
90,888
184,333
84,28
57,916
28,754
57,698
109,201
134,202
68,571
52,476
150,964
75,268
112,352
84,626
69,740
161,641
143,919
143,989
4,929
78,890
171,413
157,441
65,111
104,891
41,733
112,794
109,569
104,433
186,298
81,429
53,868
189,490
155,808
65,5
185,109
32,144
118,531
12,293
178,809
99,189
120,900
35,225
151,614
113,933
199,845
