20000
138,831
171,512
5,716
49,745
116,73
125,864
129,10
95,470
96,25
175,470
153,942
53,200
75,941
38,615
22,839
91,361
5,310
142,382
182,502
160,96
70,705
163,537
34,147
131,411
116,786
22,363
178,600
40,270
104,427
12,825
139,203
86,135
7,211
148,240
106,540
147,726
185,986
158,673
49,742
35,900
86,643
112,545
101,346
73,65
100,608
114,16
170,135
141,563
94,883
114,458
176,721
153,423
170,351
33,122
96,902
184,924
84,957
71,766
19,837
188,600
137,159
121,327
92,276
61,146
192,725
172,82
140,330
74,41
161,980
151,119
24,724
118,892
99,436
88,346
142,95
173,776
114,933
145,692
108,853
34,297
114,359
73,438
170,316
66,78
82,612
142,452
44,441
185,692
170,468
4,508
58,564
178,702
89,424
26,73
86,215
73,16
168,926
177,728
107,816
38,865
187,668
104,651
88,611
164,573
58,649
170,404
33,848
91,453
14,878
64,948
177,289
51,744
158,831
124,363
101,148
157,446
17,503
164,658
155,531
163,424
2,919
167,132
50,446
137,803
148,977
28,457
127,702
122,921
36,735
121,288
130,893
116,391
78,966
172,986
56,119
178,759
90,134
161,188
146,200
44,501
14,398
9,848
135,514
136,299
7,394
93,756
135,310
31,537
122,928
135,34
183,460
57,481
133,449
182,987
129,532
77,429
141,585
152,18
52,624
121,93
7,231
114,46
146,431
110,686
161,964
26,285
50,234
106,262
5,599
18,689
87,480
39,977
145,575
95,243
141,436
121,238
45,378
69,228
150,947
85,422
23,122
103,187
31,572
29,505
17,661
110,900
87,155
150,244
3,693
8,350
196,64
128,518
161,693
183,913
177,509
31,364
163,762
171,117
187,254
101,204
128,278
81,884
97,448
1,474
29,849
40,167
167,985
115,382
15,519
48,596
86,74
112,397
29,202
11,127
9,319
171,75
29,189
41,364
52,76
194,937
128,347
25,284
12,343
140,483
33,90
141,409
181,121
128,113
83,616
21,204
153,815
191,690
30,674
9,145
83,714
16,87
113,977
7,203
23,622
150,587
138,590
194,876
30,17
159,104
105,539
129,756
109,500
178,44
66,117
23,223
103,237
122,173
31,734
120,829
65,340
161,600
11,667
60,874
200,548
150,935
186,153
43,37
99,89
132,250
152,110
47,545
182,717
119,336
34,317
65,721
155,897
31,840
160,243
108,242
62,616
26,235
12,758
137,829
129,929
54,858
146,457
85,166
39,467
139,760
34,743
28,78
96,586
123,303
30,855
190,410
163,937
49,654
62,223
78,825
181,540
36,454
58,712
182,895
18,881
44,786
4,208
32,193
89,881
84,123
73,261
149,799
164,968
51,717
128,715
139,322
118,765
25,282
106,31
23,543
2,722
154,616
63,766
45,810
139,735
152,309
23,353
129,118
77,59
79,712
21,68
162,312
175,369
186,279
17,498
65,959
76,368
27,126
97,217
49,157
55,702
16,809
190,518
23,9
106,958
173,772
169,965
173,592
67,392
47,726
25,400
156,321
162,884
15,736
76,62
34,972
88,130
75,240
16,415
17,792
41,450
74,9
124,731
58,503
90,455
6,344
126,707
11,574
153,358
20,558
159,522
104,933
162,18
104,959
199,544
89,851
186,368
156,862
48,484
102,987
31,554
169,968
75,132
182,82
86,701
173,596
180,260
140,654
167,758
2,222
44,489
42,244
189,849
12,897
192,287
110,332
39,531
77,815
53,239
140,122
62,211
182,431
39,638
168,666
181,649
80,987
