500000
93,656
99,947
64,370
105,644
77,234
129,602
27,741
45,520
44,647
11,481
115,939
44,637
164,485
170,73
127,348
47,287
178,834
44,311
108,310
102,587
88,184
134,205
169,374
190,749
65,396
196,314
136,790
181,857
121,174
25,15
146,541
122,269
126,540
61,250
63,529
9,117
4,496
131,20
140,67
129,343
177,845
91,839
119,821
94,995
58,513
99,447
101,608
182,409
97,170
100,678
164,953
174,474
101,264
31,688
52,132
34,487
70,674
197,791
29,151
170,269
153,827
191,842
17,271
169,373
188,479
76,665
141,98
33,339
179,835
174,680
84,983
22,74
193,374
153,621
77,660
81,529
3,135
34,738
92,561
10,330
3,438
176,264
145,497
95,827
163,813
124,69
17,183
27,951
183,745
198,630
95,830
44,795
58,450
113,460
187,90
28,503
31,956
78,451
171,184
116,271
38,485
156,450
103,235
178,817
79,466
10,881
118,251
185,827
74,80
157,740
23,568
177,517
125,209
41,888
24,102
86,618
109,532
83,490
99,422
22,243
135,505
119,811
6,520
180,191
124,924
7,524
168,230
92,635
105,570
96,12
98,270
40,636
99,724
169,830
143,488
23,496
130,640
68,125
106,417
23,821
60,706
125,423
174,428
50,594
142,565
83,800
58,383
173,617
50,576
99,315
76,818
193,644
102,212
44,905
140,120
57,156
154,555
156,999
124,727
31,1000
1,307
90,502
32,60
200,929
8,275
129,773
5,192
85,259
155,837
117,833
198,785
124,332
194,649
114,43
187,414
55,460
166,332
133,433
171,56
19,764
186,313
2,459
6,682
151,889
119,400
158,321
31,709
42,450
88,772
110,691
39,108
198,943
166,100
177,428
198,79
116,762
144,350
64,69
154,897
119,192
106,637
147,362
74,827
18,629
70,198
196,716
185,556
185,204
148,622
190,602
189,323
176,703
42,447
118,934
55,253
138,198
100,991
138,590
103,287
106,274
200,208
181,676
24,983
100,689
85,666
62,491
53,499
169,508
114,886
12,338
157,450
190,283
35,247
15,543
198,145
199,709
138,340
45,4
55,407
190,593
106,224
190,700
184,740
167,32
67,483
60,597
64,532
80,690
102,701
19,978
149,512
41,925
139,842
68,651
188,940
84,785
160,818
190,260
34,495
174,264
184,163
185,821
74,706
138,515
80,981
113,604
88,846
118,721
110,713
102,546
8,280
47,562
82,671
94,402
59,619
74,284
136,543
122,568
180,540
161,469
21,350
61,445
127,834
114,22
101,787
165,689
1,771
36,596
163,968
47,910
127,102
115,73
192,243
80,113
14,229
36,615
39,754
86,585
157,476
8,845
107,8
1,149
2,658
199,645
199,90
159,935
90,121
89,910
27,239
72,149
52,397
105,733
60,108
43,906
21,354
144,789
158,413
35,150
120,485
152,648
200,260
70,947
69,946
126,285
111,85
1,386
62,952
43,633
48,100
38,602
183,219
55,518
15,26
135,666
114,883
57,716
71,319
16,85
32,743
76,836
132,326
198,997
123,512
62,809
62,895
89,724
84,526
188,644
21,427
178,68
51,10
150,626
131,186
7,214
167,538
180,162
25,917
81,232
65,58
145,905
8,756
77,366
20,62
145,791
122,471
146,950
49,211
74,577
125,426
22,545
114,14
167,616
75,477
73,672
95,291
146,335
126,661
134,709
194,39
30,852
150,411
39,916
123,459
65,664
48,553
118,57
105,295
14,138
137,483
136,237
65,704
15,337
90,450
6,551
89,692
188,191
63,351
45,791
113,19
110,324
106,3
139,986
53,508
180,142
63,648
85,610
55,788
85,293
55,343
179,859
175,210
116,508
158,555
91,940
79,431
143,91
189,973
196,88
53,730
145,767
125,288
74,522
176,651
27,389
68,900
152,850
140,63
129,992
70,509
166,191
194,35
111,939
158,721
171,132
131,325
78,806
48,806
52,447
78,986
77,723
115,589
157,556
135,597
81,498
105,632
183,87
82,546
184,746
8,693
195,318
53,493
72,457
194,794
197,419
11,91
188,9
48,881
160,760
195,74
61,847
167,40
130,231
133,121
54,80
63,906
40,236
126,896
188,534
21,275
17,897
154,47
71,749
161,50
52,329
67,691
188,331
5,887
37,191
70,482
120,190
139,806
169,476
132,579
176,351
164,65
56,607
180,504
160,829
103,789
23,19
54,373
166,550
154,418
58,713
170,854
105,287
67,133
42,192
18,417
168,6
91,506
142,659
136,863
47,341
189,955
117,99
55,782
91,697
142,871
168,748
172,935
66,473
27,489
152,615
17,312
78,387
184,433
139,159
186,62
105,687
171,276
178,195
123,868
13,246
78,281
185,307
196,803
177,971
124,884
173,346
189,432
197,533
20,981
69,980
191,47
12,331
173,464
20,718
40,809
30,380
179,594
101,823
113,324
37,198
146,590
177,702
98,728
141,435
14,448
103,21
64,776
176,889
96,983
108,321
61,64
162,830
158,848
124,373
34,623
53,691
64,511
183,493
25,295
171,565
131,794
13,925
116,493
9,701
154,587
43,312
143,94
18,268
103,276
37,435
12,602
107,34
181,819
179,517
160,526
151,885
70,240
48,709
197,284
104,242
200,448
137,983
94,54
150,384
107,377
91,366
56,275
19,34
175,928
133,390
115,794
1,429
179,997
97,98
38,538
17,353
21,305
67,333
133,275
167,518
141,682
150,466
171,573
155,801
47,340
33,506
17,292
184,843
163,657
177,356
144,600
11,520
174,94
74,947
152,571
165,80
64,444
87,361
77,972
73,814
137,267
190,590
185,777
115,449
154,477
128,39
105,567
161,340
70,256
94,544
63,31
32,275
8,15
102,400
22,539
196,425
186,129
60,417
61,633
168,611
80,163
177,975
114,491
192,622
104,60
96,305
54,343
24,785
75,220
51,817
123,106
195,414
26,932
15,337
158,685
50,164
139,219
55,505
174,246
166,708
71,663
57,816
166,62
191,38
193,945
178,499
179,273
183,399
100,145
145,835
65,487
147,592
37,34
98,552
192,478
188,680
200,241
90,734
35,44
160,675
166,514
170,842
59,403
175,302
21,548
43,183
133,3
58,516
184,722
77,534
198,127
91,625
5,992
53,930
157,169
86,904
9,574
102,720
100,220
68,114
156,55
189,328
120,984
74,703
163,874
25,968
175,312
42,567
128,604
20,937
156,565
111,373
85,51
116,40
79,209
120,128
30,929
52,812
33,874
11,207
164,154
20,248
149,944
141,904
12,377
89,147
77,536
127,907
15,291
26,406
167,310
78,599
153,299
15,27
85,33
186,789
53,711
54,89
186,236
74,471
73,168
52,797
101,372
93,323
59,152
3,964
59,298
43,454
180,792
50,641
77,193
65,423
177,472
26,958
29,779
5,402
99,7
116,329
145,589
8,812
83,623
158,10
110,966
76,839
58,712
124,669
101,501
200,496
174,728
18,869
47,428
111,174
51,896
47,389
157,448
68,335
61,922
98,400
115,154
55,151
149,481
57,805
11,13
108,653
145,805
120,92
52,382
166,838
103,138
4,942
159,712
74,899
34,622
151,575
94,35
86,764
196,869
182,106
34,689
58,213
68,157
5,471
28,707
165,385
95,697
143,13
39,542
9,564
49,192
127,751
89,128
162,986
36,5
137,483
36,612
117,211
108,42
68,321
165,776
4,347
168,624
66,671
120,447
53,1
161,803
29,121
192,605
93,49
128,38
108,230
138,164
53,167
198,747
98,674
182,507
58,777
26,644
11,306
49,589
23,65
162,195
184,680
192,276
147,349
37,665
116,848
109,371
85,223
186,826
72,273
98,565
146,379
193,374
45,111
1,730
101,368
164,614
149,811
59,185
73,229
93,827
109,501
144,330
57,421
89,18
84,559
107,581
72,741
156,972
157,831
145,691
150,655
41,947
182,453
174,555
183,972
48,826
56,773
141,632
40,220
187,858
175,919
32,408
165,457
175,7
93,493
51,618
167,457
36,64
71,883
188,209
123,338
29,717
127,795
23,646
11,246
72,618
60,294
200,122
14,375
156,320
113,368
178,680
101,965
6,367
127,397
128,589
30,758
145,158
180,771
149,307
196,812
58,270
98,67
46,118
79,987
140,234
2,53
10,502
114,192
153,213
176,523
130,314
152,187
115,746
86,126
104,52
198,751
16,338
172,922
37,468
161,470
24,151
179,259
20,378
144,884
175,442
127,764
30,256
23,698
32,530
144,13
149,184
95,113
72,536
90,324
132,893
152,301
153,604
182,852
37,768
37,635
141,541
43,917
166,992
169,350
82,641
14,939
131,837
171,463
14,362
123,833
148,858
138,737
64,387
30,309
152,89
195,399
19,233
47,591
129,36
61,776
165,529
2,647
57,795
107,354
4,203
181,266
183,155
49,65
128,948
31,704
184,681
128,18
183,101
161,38
34,418
111,320
69,677
62,696
143,199
98,108
83,233
13,595
106,271
196,306
146,808
52,591
139,110
171,640
196,701
175,809
136,850
7,812
85,449
178,75
178,370
147,771
196,408
24,267
95,874
144,653
169,256
200,290
49,37
132,590
109,259
180,991
99,818
139,572
82,909
46,107
97,213
125,68
33,418
118,473
147,196
75,960
71,906
123,121
145,488
116,877
19,683
73,377
172,415
30,496
2,196
48,162
12,255
6,537
73,116
179,287
74,298
145,589
199,919
185,476
133,540
88,339
106,539
176,648
71,332
121,566
156,253
46,443
109,960
13,896
107,40
159,439
137,152
100,593
60,387
2,168
111,892
15,425
113,939
161,978
112,346
142,169
47,662
32,138
5,322
150,740
27,667
58,503
97,573
102,132
82,556
83,430
200,356
181,277
143,782
44,913
196,835
97,544
3,885
69,9
52,840
195,324
8,966
129,354
43,629
196,429
91,108
62,975
67,665
170,655
119,176
100,888
62,801
140,907
170,414
42,578
116,305
172,698
117,103
170,133
3,874
159,488
4,15
52,22
162,993
36,981
118,244
38,729
156,89
46,235
193,614
146,376
10,783
158,297
121,271
27,192
55,124
124,46
23,778
113,422
63,148
78,194
123,118
84,481
23,581
119,706
155,861
52,156
144,41
173,37
140,881
171,54
36,766
129,554
31,65
158,356
23,439
87,283
135,422
133,478
158,114
130,267
16,626
174,612
159,483
103,160
31,879
178,653
119,276
61,89
138,557
154,582
83,117
96,642
187,249
85,765
106,912
113,437
117,89
101,253
50,881
146,881
179,426
125,700
58,144
109,675
51,636
164,449
6,208
107,853
172,412
82,407
34,136
68,924
153,361
64,694
89,906
82,623
97,281
101,132
102,713
105,956
192,527
45,482
110,129
116,413
181,451
171,371
140,778
149,991
117,492
21,199
72,325
20,813
127,740
196,56
116,737
118,375
69,980
95,633
91,493
160,433
170,32
157,822
153,381
200,69
107,408
64,140
68,441
111,716
153,661
29,258
46,544
126,840
98,634
25,163
70,501
27,23
104,178
46,245
127,528
95,63
132,865
58,339
79,253
115,846
144,186
4,893
119,799
152,572
45,700
182,909
16,281
78,370
104,48
183,831
100,338
135,621
184,935
132,60
146,29
146,185
168,706
112,662
64,291
154,683
81,701
191,242
90,644
34,404
170,21
79,670
200,537
181,304
22,212
63,613
163,917
155,298
174,126
189,411
10,356
112,41
13,56
8,60
71,203
178,441
128,277
176,157
41,345
76,978
38,373
70,312
169,373
20,366
43,523
187,828
127,965
89,152
194,676
93,654
191,859
57,483
173,534
121,20
194,118
10,782
114,720
1,576
139,92
90,53
18,641
56,423
133,334
98,545
126,913
60,827
107,824
139,372
151,379
190,734
156,350
185,425
194,546
71,276
62,637
93,362
10,376
69,19
11,93
102,903
193,781
200,988
197,456
141,480
50,661
94,275
109,247
14,6
50,121
25,649
140,338
5,617
27,6
179,220
124,865
140,519
133,31
104,223
105,548
110,144
104,759
75,507
143,449
48,131
176,331
76,83
168,784
176,617
163,783
29,188
174,104
21,305
20,911
58,396
115,865
76,465
186,730
179,462
196,36
102,737
49,212
51,231
41,141
166,344
92,617
80,599
152,740
125,355
125,952
63,945
135,876
94,857
77,92
129,413
175,667
15,730
114,479
118,398
40,477
47,464
162,846
77,776
141,127
46,726
126,320
88,374
28,392
44,413
48,583
143,54
115,246
83,812
64,533
94,527
187,31
115,271
158,299
169,857
87,60
23,424
109,184
80,667
14,792
127,331
23,301
166,751
155,272
100,748
118,893
143,550
112,676
105,226
26,489
105,618
159,428
191,901
13,366
176,907
41,244
172,495
15,914
15,336
54,751
194,95
44,175
75,595
14,367
54,399
56,280
67,858
58,885
107,983
179,896
9,241
29,72
119,55
17,975
86,458
177,611
122,832
145,577
98,510
174,372
33,439
139,966
49,410
21,368
195,341
139,506
161,451
5,221
79,367
183,414
3,195
33,426
137,520
132,627
188,918
119,63
118,863
134,864
73,509
5,932
170,617
3,370
200,731
140,290
152,801
137,228
1,999
190,993
149,304
96,155
37,765
194,566
97,841
188,460
101,75
181,709
57,126
135,803
114,901
38,473
44,201
105,943
79,665
76,356
9,49
132,428
197,239
153,629
80,447
5,837
184,308
74,836
30,7
68,131
50,928
122,363
40,420
148,820
110,804
152,32
9,331
171,152
27,833
9,424
167,449
135,624
33,116
142,660
167,850
48,415
65,471
133,102
153,989
194,428
66,295
29,414
38,337
44,951
5,796
28,589
27,786
26,733
13,167
140,930
131,374
111,299
136,698
92,445
177,771
185,437
183,612
170,202
130,970
111,620
199,2
23,866
69,12
128,689
38,403
141,524
118,777
151,849
161,934
15,285
7,812
123,764
182,978
24,839
56,373
55,741
168,222
147,276
76,285
101,994
199,492
79,526
53,190
166,417
138,148
150,12
69,768
66,983
15,856
142,74
125,166
40,715
139,183
32,269
113,259
129,722
136,331
71,999
128,76
130,673
185,181
68,172
93,774
60,42
110,72
131,746
164,943
91,204
116,389
104,539
162,247
66,873
123,296
50,937
139,323
186,225
12,86
40,296
133,247
33,831
172,551
15,363
132,172
62,451
25,360
176,67
198,474
17,554
199,438
119,960
5,480
131,551
4,432
100,944
122,235
171,978
85,838
121,92
88,148
106,755
54,392
128,282
18,757
114,90
126,589
14,97
113,649
79,794
36,307
171,470
98,436
137,125
92,315
189,905
129,932
130,766
28,267
63,912
141,447
36,115
117,827
177,797
101,393
12,346
57,70
18,800
8,779
189,648
105,417
42,523
107,125
106,743
68,577
21,478
40,794
4,223
174,749
107,409
91,131
153,84
152,535
9,950
8,71
183,967
195,981
150,735
160,750
75,704
153,661
37,291
2,199
22,175
31,377
132,17
152,545
136,74
194,776
167,914
85,251
153,415
124,380
78,290
66,664
73,841
27,283
42,851
11,133
54,244
168,596
20,187
28,369
75,1000
195,896
69,553
102,680
102,247
154,710
31,277
190,458
120,556
118,189
119,684
45,642
70,909
156,487
129,805
116,413
165,77
144,123
101,462
144,676
70,879
171,162
137,580
186,628
124,497
83,274
108,402
122,680
45,786
34,791
14,3
163,89
88,224
196,903
72,685
192,304
9,255
27,526
195,1000
194,642
67,708
37,911
62,257
124,13
93,125
111,374
163,362
114,58
53,221
59,487
16,317
190,259
49,990
156,735
149,510
143,779
12,498
105,438
138,655
98,100
50,988
167,701
71,546
180,995
190,823
199,119
195,181
96,15
36,108
88,358
45,312
129,285
55,709
172,310
159,455
149,602
110,485
139,59
13,624
62,335
72,824
113,80
199,368
160,27
181,156
119,235
147,556
164,690
147,785
105,756
114,754
47,587
196,639
136,559
120,532
160,297
158,552
42,418
172,536
148,264
149,204
6,505
48,675
39,95
145,143
104,489
74,231
180,757
170,37
69,32
42,200
133,521
194,758
25,117
79,256
166,712
88,764
52,700
154,75
49,129
54,501
178,919
70,687
179,822
41,659
70,100
27,325
138,253
1,532
79,561
127,393
132,34
45,591
48,274
103,77
41,838
24,824
23,480
168,354
191,426
45,708
93,137
120,826
9,655
97,181
198,872
177,714
62,889
42,988
109,198
195,965
73,574
116,938
165,43
170,946
69,535
147,325
131,378
23,579
52,773
184,413
29,318
48,107
112,145
182,796
115,452
200,246
23,342
29,309
58,512
137,386
83,226
105,500
179,712
129,639
113,151
163,454
99,283
101,777
49,347
36,426
82,190
76,13
164,956
87,423
11,466
30,387
175,512
87,345
39,386
14,392
68,324
8,52
39,643
155,19
16,236
58,607
51,958
5,877
131,426
19,690
174,690
65,969
79,751
147,317
76,702
38,894
104,541
200,71
28,57
67,785
153,537
133,198
97,653
111,198
145,320
179,234
180,679
149,10
157,68
99,207
38,161
80,213
115,257
31,750
191,142
158,426
194,305
186,220
167,631
67,766
93,845
36,180
183,758
3,547
169,726
96,808
161,145
46,128
68,801
60,972
125,872
84,460
95,562
134,48
154,939
144,52
174,27
100,65
110,181
77,324
181,664
21,606
37,536
72,221
17,700
133,118
178,961
130,435
125,964
81,314
109,972
113,92
102,306
109,269
133,462
33,121
109,185
105,73
127,780
79,878
82,889
199,485
49,126
8,26
180,184
193,618
171,436
73,562
8,623
95,146
39,298
46,429
14,709
28,475
199,205
70,305
17,767
93,191
153,492
17,117
109,631
102,859
65,52
81,132
75,199
117,813
37,210
64,195
188,275
13,630
53,166
138,624
45,756
141,635
172,459
98,133
166,907
93,562
126,505
2,428
119,313
171,484
87,23
69,401
112,646
12,829
109,315
88,55
34,648
141,405
13,631
18,137
29,242
71,682
13,122
60,23
135,691
123,61
199,29
131,456
54,433
97,714
54,154
190,333
34,757
17,737
28,274
34,590
81,892
122,406
87,391
167,733
19,449
23,789
194,242
192,758
100,508
119,77
175,486
161,80
146,130
120,407
163,143
111,935
169,443
151,861
31,93
26,619
29,127
60,170
107,404
67,740
187,625
88,198
131,800
101,928
155,158
134,75
50,286
57,93
198,393
34,661
33,539
61,894
145,355
127,467
148,659
166,515
89,816
87,779
125,318
32,899
117,114
54,183
10,673
59,138
155,300
52,336
3,538
144,187
180,431
111,202
196,712
55,242
47,715
118,509
89,774
170,211
8,942
92,147
112,798
5,622
155,91
188,638
121,428
126,105
79,461
106,420
68,253
54,594
153,356
66,536
143,808
66,514
40,346
43,201
6,788
195,886
76,305
66,878
137,290
77,571
186,708
3,655
74,998
38,228
137,628
48,169
79,761
166,553
56,533
167,476
59,225
159,912
184,922
49,247
159,79
116,107
172,654
42,82
117,512
15,334
136,639
167,71
52,354
189,30
138,973
99,139
51,870
144,212
116,910
119,224
90,748
84,727
9,496
3,818
91,269
179,885
191,753
84,715
41,687
64,707
28,351
144,37
73,733
1,843
96,850
163,842
15,724
157,980
31,919
85,543
184,862
132,655
156,29
131,58
83,517
35,36
82,31
125,306
84,244
37,999
38,198
97,770
142,563
156,444
151,676
123,409
29,144
7,881
95,558
109,684
81,964
39,88
49,418
59,753
108,764
183,417
51,217
177,232
12,311
55,148
189,662
172,641
151,628
119,948
83,32
198,878
109,520
79,853
160,355
31,939
36,95
26,318
157,134
177,356
115,76
77,546
99,20
37,762
97,597
28,975
72,127
13,741
112,775
123,280
174,719
1,423
170,779
170,849
110,101
160,263
134,520
58,723
111,336
101,20
1,625
93,920
186,558
78,356
71,567
171,965
158,781
100,154
200,319
66,214
195,441
73,62
78,222
125,258
65,141
140,591
19,935
90,608
22,24
80,803
28,563
4,1000
49,964
113,528
62,678
1,816
100,439
196,900
73,108
132,973
96,71
180,335
110,317
193,198
90,984
129,408
123,710
156,250
180,238
38,216
74,420
88,796
161,200
192,126
52,49
52,136
30,630
25,665
3,590
94,706
123,843
154,295
80,769
180,902
95,25
32,135
77,684
135,932
123,448
60,565
76,188
83,16
141,68
178,137
24,485
190,616
197,658
174,430
108,169
12,37
26,765
100,140
189,709
182,640
59,595
138,366
45,289
18,452
35,559
47,487
199,603
12,425
52,200
46,341
62,427
180,501
25,740
134,383
65,461
40,215
10,521
161,931
33,379
92,260
48,922
78,432
55,378
42,813
168,788
99,573
186,194
156,154
184,518
172,295
68,140
12,406
75,361
161,210
41,612
131,29
41,263
82,217
122,930
158,978
144,971
21,4
146,251
1,717
70,713
178,946
117,60
135,431
131,366
99,955
10,878
73,950
136,732
18,443
185,989
132,171
149,879
147,822
105,741
165,700
37,658
102,418
70,151
124,908
32,419
2,498
55,26
35,998
58,334
8,947
48,481
70,88
124,952
62,562
82,495
199,587
189,861
67,250
127,184
4,207
127,437
120,683
155,341
131,466
49,760
101,788
45,85
132,583
76,533
27,130
28,414
95,82
171,85
42,816
182,792
146,444
156,1000
52,4
94,801
63,318
106,436
36,35
149,185
180,608
114,346
129,146
140,926
74,167
104,267
58,250
198,588
127,682
148,636
149,950
105,869
128,843
28,165
91,705
74,671
45,596
53,778
33,182
116,427
128,374
122,154
142,696
70,607
149,49
81,784
46,886
60,62
17,725
22,276
32,424
183,790
124,47
11,846
173,769
109,356
167,269
91,145
113,657
151,96
119,476
117,104
49,630
45,219
70,604
27,944
33,736
197,633
76,862
11,219
126,89
127,623
138,754
108,848
80,420
178,217
144,583
98,463
20,844
127,466
107,927
157,176
91,515
78,933
49,272
109,239
76,646
126,416
52,722
93,389
78,118
128,996
138,321
19,974
200,65
148,34
140,686
6,348
99,640
38,381
165,186
150,316
167,81
129,784
97,249
104,885
3,593
117,537
162,181
150,598
194,315
2,257
107,139
151,874
138,352
194,51
196,652
51,690
157,681
114,799
133,353
21,712
195,71
7,949
118,565
4,579
178,634
160,386
67,638
102,326
68,646
109,763
120,86
97,11
34,935
178,785
79,79
4,223
52,106
81,255
128,849
38,614
48,773
24,62
101,748
11,518
75,99
64,731
60,491
83,979
99,598
79,349
46,159
51,804
104,770
161,102
75,931
191,935
128,158
69,893
98,794
71,338
58,281
10,723
9,846
145,28
6,544
71,598
184,628
96,368
163,260
108,112
23,59
127,758
100,993
6,947
62,218
119,364
188,13
103,150
135,858
144,793
121,583
25,629
64,129
166,236
25,178
68,801
184,103
57,852
199,466
135,633
46,373
11,204
73,120
104,875
140,105
154,703
49,953
195,631
100,606
81,309
197,516
169,844
78,552
33,727
69,169
165,235
110,502
42,526
153,459
54,331
176,904
81,835
170,379
147,593
154,756
12,603
162,418
161,111
179,962
39,462
77,533
11,596
55,450
162,905
102,69
65,527
165,498
162,763
164,789
25,33
118,511
87,329
106,658
18,716
127,361
32,481
161,910
192,470
81,680
31,19
43,944
109,983
91,127
159,589
197,485
18,347
165,766
75,554
128,460
192,258
184,110
36,331
6,673
174,582
146,193
120,270
42,765
60,266
75,342
5,106
72,92
191,997
132,726
149,547
56,420
136,930
152,287
184,143
8,900
6,722
83,787
172,225
38,540
59,67
120,827
70,617
111,383
46,227
111,844
22,844
166,970
81,281
167,19
122,585
136,806
41,910
98,798
67,430
135,919
16,943
173,965
198,568
70,192
75,693
134,174
59,240
133,820
100,187
55,247
52,20
18,30
72,194
105,856
171,582
34,407
108,661
155,115
155,137
177,70
189,881
176,163
111,578
186,759
48,215
80,382
131,63
2,405
117,344
131,931
171,834
168,785
34,230
100,820
119,526
64,714
34,897
6,825
60,571
64,482
50,800
171,520
106,597
81,80
68,27
42,768
106,416
9,990
6,244
69,407
88,774
194,345
1,600
161,85
13,943
101,379
57,120
146,533
164,402
49,562
86,264
186,386
144,693
122,124
104,319
22,761
82,579
189,308
59,438
182,579
92,648
78,305
55,345
106,157
69,460
99,250
148,290
108,473
62,221
31,275
179,864
34,299
185,467
141,229
177,902
119,146
43,737
37,74
83,363
105,853
29,466
132,590
170,143
137,410
191,824
190,929
19,869
188,327
100,590
7,487
108,284
59,812
6,9
171,585
61,673
99,320
121,990
25,904
137,526
128,818
142,189
130,136
104,252
164,124
158,692
153,184
59,775
113,810
138,244
39,776
49,856
102,204
62,922
175,28
167,89
63,770
69,691
131,999
78,831
47,145
49,132
48,540
71,496
5,573
106,264
94,156
44,433
190,818
186,282
187,672
18,939
198,117
85,555
85,386
174,456
101,330
157,774
128,201
115,476
81,988
150,646
172,327
128,263
78,42
92,229
6,166
82,901
16,156
56,824
177,629
195,897
171,1
190,231
143,785
82,307
193,26
147,88
129,553
60,656
57,790
45,380
5,632
67,916
139,353
109,139
58,986
47,46
85,366
36,762
198,564
131,659
135,696
136,351
195,43
196,54
54,969
173,871
114,626
161,629
60,737
82,44
186,870
44,939
26,512
180,411
28,153
6,643
169,706
158,893
89,962
68,244
3,833
164,347
116,462
125,704
59,245
11,607
64,718
147,845
200,439
31,124
159,994
159,8
60,799
170,599
197,897
98,257
114,624
114,796
91,850
52,497
155,225
160,715
12,542
132,290
30,120
20,174
36,592
45,432
4,360
119,863
10,234
175,578
71,948
111,99
156,4
94,859
197,437
140,363
29,990
94,675
68,794
192,817
177,271
180,703
31,42
77,901
180,660
96,722
47,600
34,977
168,251
165,583
122,793
197,135
63,304
111,958
115,625
11,359
41,603
142,339
109,822
66,846
2,233
45,772
111,864
101,202
64,728
127,585
1,136
196,919
156,633
117,871
172,359
102,755
173,624
175,938
65,546
123,92
170,719
48,311
148,549
141,379
2,121
145,107
166,335
89,334
197,837
33,488
117,348
134,645
157,612
113,20
6,522
189,386
172,962
144,498
123,634
16,617
173,15
95,671
107,343
30,322
2,697
165,283
145,226
152,316
24,796
136,803
189,353
44,741
68,218
120,77
23,881
10,381
85,874
69,381
1,309
129,31
36,729
22,382
84,123
195,702
134,730
138,496
46,862
200,468
88,642
29,665
150,267
90,534
46,825
9,560
105,673
160,303
25,697
192,611
162,850
132,113
53,400
7,949
79,11
143,764
5,14
121,184
133,287
41,649
80,519
84,635
18,496
85,731
60,532
127,260
7,913
117,15
125,775
98,455
115,446
125,336
114,848
104,223
87,122
4,385
139,296
171,323
48,423
107,867
146,115
136,808
37,938
152,430
40,698
142,92
70,790
6,652
129,389
185,953
142,844
40,472
132,820
119,655
75,211
75,800
181,962
164,452
129,258
75,547
151,37
85,59
184,357
68,506
41,264
146,173
184,321
188,313
165,134
127,412
25,904
60,494
180,852
183,987
182,490
142,606
139,944
197,346
182,761
36,724
128,352
196,492
83,433
52,518
107,611
79,265
98,554
107,691
170,246
115,412
179,160
24,110
74,322
121,741
141,674
66,23
11,113
72,896
148,869
199,390
191,968
186,946
116,550
55,1
91,392
196,755
22,412
11,900
167,336
35,811
79,917
192,302
46,419
148,227
138,508
75,895
45,568
13,944
74,536
185,872
102,615
159,16
192,673
193,32
97,488
98,788
99,64
191,879
179,840
62,223
91,481
73,778
191,633
18,344
54,983
199,974
53,613
179,526
48,591
98,957
19,716
33,649
87,281
50,654
94,418
137,155
123,777
68,707
166,343
189,492
88,899
106,997
188,11
99,98
28,715
137,719
119,738
77,58
178,60
117,213
17,846
173,689
79,931
200,415
118,624
176,76
166,977
95,57
179,434
70,360
104,673
107,52
155,697
87,283
13,202
105,670
191,286
179,196
158,277
164,810
80,904
21,910
191,633
150,597
57,756
15,537
131,357
52,252
180,191
182,136
75,488
179,664
2,135
105,64
121,321
17,759
66,410
173,543
175,653
88,618
5,710
97,949
153,116
183,863
40,323
75,279
95,205
180,647
14,756
137,361
45,363
37,114
150,971
150,329
8,276
129,35
109,636
39,282
82,9
82,748
131,468
73,651
142,787
46,377
180,505
153,103
155,556
70,676
9,390
182,735
165,65
115,211
93,637
76,273
42,23
59,44
28,471
40,643
117,606
195,983
63,85
169,175
34,409
47,872
78,158
192,917
200,861
26,103
157,900
117,854
22,594
122,337
150,520
87,768
63,533
26,261
53,420
17,211
74,128
114,732
81,177
147,162
170,563
164,362
3,625
23,13
64,709
58,207
117,614
36,160
15,246
46,526
11,795
175,576
149,945
192,700
184,286
56,778
46,704
119,499
181,193
108,529
132,537
180,596
65,89
102,244
77,797
85,587
89,455
104,180
41,771
82,820
38,86
77,914
15,323
1,624
63,179
36,265
197,681
173,382
170,205
177,520
147,982
9,657
131,425
184,158
115,796
18,72
44,612
199,972
7,582
120,337
61,405
19,88
45,831
169,971
65,272
113,124
164,982
121,244
175,322
3,290
110,705
122,883
144,679
153,327
27,210
157,158
72,444
9,368
166,824
155,370
13,696
113,62
10,917
46,270
2,880
125,741
155,577
85,966
160,298
97,875
20,995
194,820
115,824
3,5
182,317
5,341
35,762
59,314
123,703
150,406
46,404
141,153
118,227
125,708
109,592
58,285
14,424
64,230
94,310
149,843
7,719
95,286
172,437
6,813
74,245
84,511
71,841
155,102
5,371
58,329
196,321
164,130
87,33
7,708
133,1000
137,380
51,657
169,619
6,921
55,622
90,765
139,383
138,135
21,168
200,691
156,756
57,369
94,244
12,417
26,130
7,998
80,436
34,983
136,941
44,995
147,170
134,111
198,626
22,523
127,664
118,831
56,887
80,764
98,626
49,53
181,544
64,317
158,720
8,189
82,353
28,549
148,495
140,529
132,852
147,167
150,944
116,367
110,970
186,689
197,721
103,302
106,382
128,168
17,927
195,36
120,486
164,648
68,847
140,129
32,585
124,249
155,90
68,509
151,376
176,415
20,865
148,586
174,303
30,171
80,807
108,305
11,835
143,336
136,270
110,733
142,492
171,314
119,277
109,639
59,375
175,329
164,947
147,13
196,146
28,909
149,218
37,41
107,468
54,149
154,610
139,649
33,452
98,557
101,847
120,399
89,88
127,987
109,136
46,343
85,231
34,972
200,601
115,657
110,970
164,404
51,759
2,985
199,652
35,696
92,565
37,855
37,380
175,357
191,831
54,444
144,294
88,896
181,695
12,284
42,14
53,360
100,413
195,721
2,495
172,847
92,846
194,12
174,659
22,269
27,470
80,613
46,641
74,202
163,114
3,402
34,370
85,731
143,531
198,747
158,966
112,27
61,7
125,897
86,571
3,32
52,957
43,832
153,757
64,843
183,944
63,291
182,64
128,372
157,419
79,586
81,828
14,46
90,436
167,122
163,37
64,103
198,839
125,504
74,424
14,339
16,220
82,929
179,735
121,625
170,247
11,457
96,785
108,406
13,916
71,245
36,43
37,554
102,648
158,293
122,706
107,166
32,604
195,132
125,770
24,380
113,527
199,685
36,589
64,174
12,595
124,183
136,126
181,315
53,448
178,824
48,605
102,625
18,679
39,194
176,971
53,610
152,923
20,176
67,514
140,547
172,577
98,628
1,220
185,928
113,323
150,279
105,109
114,722
80,718
58,593
53,729
64,282
71,991
197,269
170,54
11,348
111,755
44,20
25,601
42,282
39,692
73,688
190,776
174,370
104,542
70,558
7,251
104,728
51,898
8,416
109,110
117,208
17,920
3,547
97,251
131,379
111,273
76,838
92,503
107,90
93,953
20,462
88,802
194,458
92,250
24,323
22,79
42,64
27,480
156,366
11,902
50,336
157,55
159,495
5,881
173,667
117,858
42,961
13,459
41,735
141,34
92,691
84,688
55,907
83,327
41,514
17,2
36,174
195,693
47,961
149,815
90,526
32,314
13,278
170,989
155,417
98,277
131,328
169,690
141,692
159,5
49,914
84,84
150,384
109,20
124,998
77,35
144,745
101,480
72,996
88,571
12,453
177,97
117,494
36,521
119,587
98,729
48,129
11,17
104,358
91,614
168,222
112,105
108,3
164,464
185,318
196,975
32,206
95,339
9,557
196,811
111,520
61,700
89,718
171,302
103,247
24,150
141,787
69,388
132,282
124,137
115,580
154,678
163,939
122,476
76,388
5,287
125,556
81,313
128,920
44,794
32,219
52,974
37,732
39,866
82,691
69,915
163,773
139,252
96,487
170,89
122,929
17,976
199,732
59,884
170,282
138,469
16,371
171,186
137,620
103,211
149,524
46,18
134,825
31,822
27,444
22,143
140,592
18,181
14,997
179,343
53,144
156,663
65,559
26,935
39,558
62,351
188,592
182,503
74,49
39,228
134,957
93,346
181,21
99,555
84,479
27,472
109,29
191,71
39,804
182,817
103,646
196,625
173,523
189,118
36,641
6,1
165,425
95,910
6,529
191,77
118,137
18,13
20,890
32,700
142,884
100,578
112,223
60,145
25,200
68,803
101,901
111,626
66,555
5,726
28,814
150,732
197,468
179,987
51,749
183,990
68,702
108,125
44,293
193,269
91,901
68,429
77,665
181,739
175,423
9,272
25,568
103,240
137,324
79,812
178,171
13,730
21,808
151,755
162,967
52,994
101,322
188,264
51,385
84,246
134,909
111,348
195,63
51,683
105,583
5,578
183,243
196,397
72,66
100,392
200,375
7,982
114,918
43,124
47,358
178,738
171,652
143,532
162,456
126,260
176,439
39,958
76,306
61,744
142,978
3,329
128,33
139,220
24,387
34,518
135,346
141,671
45,478
27,961
26,775
118,863
185,612
61,465
109,938
63,972
14,987
124,310
65,419
13,693
75,547
27,512
5,153
88,735
101,757
110,433
175,70
187,945
121,155
185,627
29,897
20,455
9,707
195,448
104,127
61,754
1,591
167,107
119,815
137,980
25,203
39,880
183,656
143,88
58,267
116,801
105,606
149,897
114,25
128,455
17,28
50,39
73,761
91,275
65,210
131,720
22,871
99,855
23,601
27,37
47,215
65,211
2,569
155,598
1,29
37,122
168,499
51,732
116,743
82,675
68,89
132,659
142,89
118,928
68,295
71,449
183,641
59,808
149,759
99,561
175,348
200,611
128,435
93,984
6,21
185,26
5,141
157,132
98,85
178,985
47,977
139,39
98,990
62,308
153,633
132,585
178,716
127,128
162,44
28,26
190,267
90,339
158,277
182,687
95,228
61,339
54,400
86,293
44,375
131,66
139,788
5,737
197,338
163,941
38,522
50,520
25,982
128,774
70,227
93,769
154,911
55,100
55,932
101,829
43,743
30,247
48,536
136,265
10,814
103,837
140,916
144,964
29,621
128,356
175,226
161,173
53,401
133,145
163,751
144,224
149,302
199,727
167,64
198,575
164,608
51,860
147,978
125,798
177,809
104,318
58,52
54,688
43,736
110,994
32,465
158,951
143,184
151,926
68,902
103,480
1,357
88,648
184,694
43,214
133,947
115,850
44,120
5,828
173,971
154,591
25,613
155,631
181,344
38,778
96,654
51,471
90,831
33,224
115,738
117,302
147,82
37,405
10,649
114,91
43,345
118,557
43,282
53,236
147,987
190,816
97,692
184,393
149,565
82,82
134,300
152,992
6,474
65,123
200,298
12,621
17,427
96,265
100,316
77,355
72,257
133,782
60,767
79,649
92,516
119,656
91,74
63,967
1,197
169,241
191,742
140,636
44,505
182,195
124,68
115,307
160,892
133,466
45,579
178,347
86,688
191,286
187,426
181,343
46,947
43,983
183,116
3,88
142,901
56,189
31,20
28,10
75,771
170,269
2,191
95,288
69,532
83,987
77,586
94,336
139,735
68,226
142,368
127,593
198,926
200,701
192,301
112,497
167,277
87,834
129,27
199,212
70,187
130,180
157,802
63,327
50,302
193,379
120,813
34,645
81,798
155,188
108,859
17,352
127,841
76,401
30,718
18,303
27,197
168,706
19,321
160,423
76,541
70,807
1,62
124,32
87,842
153,383
171,960
78,782
52,766
152,719
179,246
37,980
6,156
135,934
85,930
87,468
60,507
48,793
115,915
127,29
45,856
73,346
138,751
29,345
14,4
73,690
68,817
11,752
23,470
120,893
58,591
42,481
150,966
141,497
111,589
23,761
67,288
147,635
167,481
180,214
190,891
69,473
73,713
47,341
131,563
13,439
183,273
85,890
77,854
135,814
91,808
8,755
56,833
72,308
46,78
150,270
14,689
79,422
52,764
102,635
153,850
136,726
61,496
93,161
14,259
23,85
30,830
179,536
3,699
156,144
30,360
189,250
149,13
179,742
73,703
96,152
168,364
176,656
39,508
111,553
168,867
112,328
20,968
72,500
97,596
26,570
69,69
192,179
156,324
14,473
129,240
177,53
67,755
67,377
180,606
144,211
34,891
76,358
131,610
104,346
6,138
164,18
30,791
192,469
122,35
80,766
99,3
181,984
159,934
195,189
197,205
91,298
80,161
34,802
43,271
185,981
130,135
172,448
176,336
57,60
14,355
78,916
90,453
110,534
84,261
163,499
84,522
118,432
197,61
14,215
197,917
65,121
41,418
189,106
173,211
155,481
157,524
133,787
91,131
128,635
86,473
104,940
24,952
117,429
118,254
60,811
126,910
144,574
50,459
179,491
58,383
102,350
187,8
152,579
17,84
74,878
21,12
185,186
17,978
141,944
167,628
65,300
161,794
193,622
19,401
73,262
43,108
173,7
146,7
168,863
115,693
190,816
92,465
71,28
108,958
99,407
103,530
103,940
112,450
134,417
192,607
67,457
158,755
181,699
56,365
112,7
103,704
106,122
162,675
101,579
112,987
177,997
131,307
185,128
10,924
189,988
52,529
42,751
34,329
86,114
160,654
94,376
151,1000
196,632
16,782
116,856
88,615
1,827
125,956
52,226
20,731
145,589
168,702
192,883
99,423
154,756
92,169
162,163
65,343
61,923
79,741
141,359
200,40
152,737
152,516
8,379
150,97
172,210
65,118
1,307
114,224
141,87
185,507
168,477
189,584
175,975
158,464
124,328
133,522
181,747
193,223
122,164
7,207
10,311
117,108
52,860
101,539
191,870
33,64
187,708
110,209
109,694
94,111
68,620
43,277
31,482
18,499
167,827
177,60
20,48
77,510
168,209
168,609
83,420
127,776
27,374
114,584
88,191
61,132
41,510
87,659
124,20
151,354
164,381
102,628
18,419
185,951
123,984
156,204
79,911
75,856
113,864
79,497
3,356
148,751
119,688
41,277
167,457
41,107
193,572
93,763
79,770
94,421
53,124
131,792
139,423
105,696
195,834
69,272
179,758
43,321
46,827
1,445
182,559
122,107
127,761
68,126
75,274
151,724
61,263
133,529
141,56
167,861
44,200
159,448
50,614
132,584
47,628
114,108
176,59
78,767
85,681
21,533
144,40
112,292
152,595
165,620
33,392
39,123
169,790
188,425
58,80
172,20
61,228
76,640
63,838
184,924
139,902
172,690
94,643
110,622
184,653
116,565
41,636
35,534
81,291
91,781
56,474
191,922
71,337
74,47
160,592
190,541
166,290
130,837
10,946
30,448
156,372
163,141
110,387
148,280
153,825
61,678
33,14
182,117
54,75
63,620
173,255
129,89
87,812
130,671
104,54
166,616
143,890
149,998
64,623
7,528
9,175
146,882
173,278
25,752
148,878
68,899
65,136
59,589
38,140
183,428
183,327
19,995
37,481
13,913
37,920
193,623
48,143
43,168
68,777
192,83
51,73
18,1
43,144
1,991
135,784
173,930
58,670
62,468
22,299
177,464
4,931
76,611
78,707
177,928
126,487
154,59
25,65
65,737
152,487
7,265
7,644
20,511
54,553
93,520
29,496
182,850
193,809
66,321
33,856
27,786
154,205
98,19
70,883
111,508
149,738
178,699
156,790
71,747
118,99
20,365
45,315
130,473
15,313
44,898
192,447
198,917
189,93
93,842
130,8
98,904
188,154
189,335
153,374
145,601
54,2
33,323
110,928
45,105
84,252
177,325
97,858
118,352
75,186
76,247
109,588
2,967
113,354
77,973
28,634
45,615
145,914
40,628
57,140
43,891
27,149
118,503
132,485
120,829
146,722
164,218
145,166
61,445
133,671
137,396
157,901
159,3
110,816
50,834
156,103
122,687
111,205
84,710
77,964
28,708
199,703
47,274
44,46
151,170
28,314
34,934
76,756
32,160
109,124
132,317
99,588
100,234
59,558
84,685
189,509
110,649
147,472
87,885
81,47
93,72
32,90
34,816
134,454
111,989
2,334
139,397
179,439
50,582
173,535
95,960
14,226
19,87
68,226
63,875
19,776
150,228
186,349
199,173
175,864
185,114
191,985
51,802
61,167
75,874
147,37
100,532
94,882
82,672
58,166
23,698
141,670
187,503
93,755
94,902
37,559
154,681
41,622
160,892
61,498
180,94
28,631
174,91
68,184
169,346
159,86
56,945
28,590
168,816
89,673
25,542
186,207
194,766
94,741
71,426
50,68
22,402
1,368
79,855
199,52
114,625
154,397
90,712
147,811
197,506
170,442
146,782
148,201
115,385
137,803
200,282
149,478
110,688
143,18
50,947
175,990
104,345
78,873
168,762
184,370
20,598
149,629
194,351
77,477
187,744
129,122
48,615
17,48
105,743
38,442
168,716
99,142
118,787
129,416
92,173
112,581
40,7
190,649
190,499
4,222
162,309
129,764
128,726
160,295
157,265
88,841
193,884
124,805
171,609
27,198
21,717
193,152
84,722
140,661
154,870
49,586
183,639
123,983
24,803
119,41
179,564
19,815
129,455
34,956
74,411
101,238
151,554
11,543
30,24
117,698
141,696
73,5
164,979
92,212
133,958
120,285
53,822
16,528
40,173
173,565
184,893
55,769
61,516
80,779
99,844
78,459
167,602
161,346
84,165
11,782
13,444
196,897
133,549
154,178
48,418
43,495
4,125
60,131
15,451
38,13
25,992
84,947
195,415
153,888
174,198
67,964
69,601
149,657
156,186
100,187
21,815
36,85
84,485
176,718
143,675
46,453
93,434
90,243
23,999
64,100
166,255
177,187
174,746
122,534
1,988
161,98
54,519
20,157
57,251
52,185
66,769
126,58
152,526
187,722
159,342
80,663
79,271
3,642
73,123
45,817
130,509
121,546
96,913
176,399
69,834
53,741
155,944
97,945
178,22
75,655
195,808
112,254
65,325
44,165
112,665
72,411
106,133
144,919
176,529
159,364
177,326
17,493
58,49
64,468
105,357
123,912
124,398
9,197
87,795
42,319
71,950
44,254
14,373
194,791
64,689
125,912
147,492
8,447
34,389
165,397
66,305
142,163
133,896
154,660
17,873
196,366
49,119
40,81
132,692
6,768
49,805
62,461
195,105
44,878
163,511
5,318
100,118
82,681
55,671
198,194
166,941
83,341
41,911
167,7
88,867
34,693
34,742
96,686
153,235
162,455
80,189
24,498
62,170
17,955
115,734
136,685
14,316
23,176
23,993
67,921
48,794
110,688
185,330
180,948
15,836
91,561
15,418
177,116
4,437
4,726
186,563
186,764
27,421
159,295
38,105
11,992
38,427
171,125
68,589
17,17
16,960
130,26
145,607
105,775
168,856
121,656
104,87
125,717
102,699
128,398
91,360
166,962
93,758
97,724
130,390
167,559
118,541
33,389
51,895
89,785
182,648
40,574
134,736
157,894
151,804
156,732
99,850
101,286
33,495
115,825
33,709
14,810
186,887
12,876
144,495
10,843
163,555
139,817
60,425
21,578
63,823
84,348
11,541
55,202
106,697
78,714
76,904
72,201
123,654
99,369
169,566
2,972
4,39
16,490
90,840
185,853
120,227
107,8
133,528
144,284
40,758
46,526
198,531
1,335
93,498
128,157
99,628
2,238
157,560
77,264
89,581
103,676
3,122
187,636
28,484
179,694
22,525
135,577
55,24
164,262
87,921
110,530
78,567
145,173
113,919
135,921
127,361
168,803
132,965
117,15
56,391
127,444
178,195
136,225
76,170
47,806
73,862
148,803
27,298
62,117
172,45
78,685
34,757
61,37
70,945
150,94
118,864
105,195
112,87
73,665
189,701
168,473
15,36
94,385
160,646
158,26
166,964
121,234
18,462
173,617
39,527
9,167
30,833
101,375
196,464
79,569
148,914
86,814
84,976
162,218
32,383
90,329
62,865
39,373
169,952
107,984
172,856
22,7
33,14
31,624
173,412
138,927
129,684
160,334
144,172
169,715
150,29
10,285
135,173
121,903
100,127
38,310
18,834
1,809
125,23
52,211
186,922
44,265
126,996
12,527
13,15
119,390
165,239
131,121
191,531
95,36
88,784
122,567
62,687
116,194
11,713
172,265
1,268
166,99
114,387
82,112
184,329
73,692
55,950
124,422
48,706
93,539
197,937
175,661
175,347
159,685
102,186
173,356
48,133
199,273
157,935
131,256
45,406
2,549
54,918
111,515
185,262
70,480
17,129
39,887
169,559
184,502
79,544
68,572
73,27
80,798
142,549
72,243
163,314
34,51
155,414
106,100
39,564
92,522
93,718
175,314
106,599
190,891
83,640
3,942
81,406
151,135
89,315
60,536
165,9
114,536
189,778
81,498
200,202
135,106
141,991
167,171
29,719
121,364
107,796
90,821
83,256
85,973
100,618
51,252
99,623
192,502
147,365
133,950
153,362
59,842
85,385
109,798
57,235
83,600
12,172
17,199
51,180
119,597
158,974
159,60
179,291
98,268
182,513
81,588
76,528
47,453
162,82
159,272
84,526
46,115
162,859
18,611
62,821
157,596
142,295
39,940
183,305
52,105
29,838
56,613
3,919
140,466
135,62
91,620
56,563
155,8
142,991
141,71
62,948
162,528
25,177
58,297
149,11
77,56
160,20
1,438
48,629
44,73
94,97
55,262
89,51
7,47
178,767
7,787
175,429
148,909
95,567
100,619
173,614
40,69
153,337
197,228
28,925
91,241
86,260
44,996
164,238
89,133
193,758
95,165
114,472
124,78
191,360
126,311
27,969
32,400
181,637
46,931
57,504
83,657
101,680
11,264
165,773
124,349
164,602
199,415
14,73
61,937
193,543
57,473
192,480
9,811
200,227
195,365
96,760
8,672
99,234
43,478
108,200
9,160
80,544
34,225
124,844
108,461
12,332
63,514
11,968
16,462
129,288
26,477
130,931
141,754
105,137
7,373
167,389
3,134
104,422
182,935
1,462
3,245
72,381
86,823
127,30
87,324
181,159
74,969
41,769
49,458
21,439
167,858
67,427
5,183
13,84
178,725
156,522
177,470
63,805
40,60
92,477
174,182
128,224
149,907
13,333
91,337
66,660
20,426
117,346
59,897
83,984
97,447
105,299
92,144
34,51
153,725
114,545
182,612
61,111
1,247
175,358
116,863
50,314
115,347
8,906
200,603
129,24
140,459
8,392
129,144
197,467
133,753
14,631
130,436
139,981
116,717
157,846
38,469
62,530
31,546
38,782
165,937
86,621
102,741
173,351
19,950
46,417
156,588
96,970
151,591
196,355
166,686
1,981
171,773
119,206
59,950
35,988
109,225
115,67
157,894
19,235
140,913
9,935
151,29
98,834
159,888
67,911
200,526
186,320
131,993
140,415
135,613
47,810
37,688
156,62
8,503
148,155
40,709
185,303
160,209
94,12
117,665
39,659
5,69
124,269
154,69
139,263
111,734
90,509
3,115
80,297
152,542
153,706
169,84
189,867
34,812
90,803
130,362
103,922
150,366
70,797
83,45
114,792
150,143
172,549
186,944
188,504
7,877
195,958
137,236
132,883
53,857
105,412
136,3
139,23
70,812
38,317
149,548
180,640
52,518
132,945
149,678
199,940
58,43
113,707
191,907
130,354
15,553
64,375
100,796
139,746
122,158
42,574
128,118
184,792
90,213
129,874
20,396
14,403
108,859
130,588
42,945
82,806
179,30
155,982
72,848
98,22
151,962
115,88
100,722
45,568
47,481
42,799
164,963
151,199
50,955
127,214
159,191
195,381
195,811
179,986
37,335
1,322
84,538
84,793
52,931
88,983
52,834
58,473
118,31
149,612
75,829
57,296
195,307
31,234
115,384
110,678
167,534
72,596
122,797
85,701
200,356
114,346
160,963
197,921
16,2
35,503
93,547
94,196
154,618
66,422
142,55
16,444
167,581
147,224
104,769
58,677
29,352
149,154
196,991
70,33
119,936
49,805
174,488
73,790
35,267
81,498
78,874
77,581
12,747
83,633
100,662
61,746
199,627
117,496
116,335
176,185
182,361
8,245
61,632
97,125
95,572
111,493
136,756
174,412
91,266
57,763
31,1000
200,87
42,515
172,780
82,411
97,639
54,433
44,959
89,788
4,721
3,728
31,874
145,983
6,170
154,572
50,451
95,207
29,254
79,741
11,63
3,107
167,150
150,959
92,878
131,882
129,305
64,79
75,523
13,314
75,499
128,72
109,308
53,97
114,67
12,334
137,427
81,299
74,209
65,559
87,9
73,987
106,279
89,103
52,11
21,510
27,401
42,145
24,709
56,826
33,698
54,74
68,420
186,1
156,76
68,619
150,233
15,349
146,656
116,393
70,589
176,646
38,367
185,806
148,204
81,746
45,593
91,706
27,904
11,747
84,686
21,237
77,942
114,802
44,127
132,623
184,3
76,711
188,330
157,145
84,912
159,344
76,9
140,117
3,431
48,697
121,807
148,559
143,126
33,551
131,387
60,542
124,99
156,574
17,817
109,24
83,240
143,222
60,477
88,724
166,859
191,911
180,795
199,539
140,328
170,388
36,475
51,407
15,56
8,327
8,987
144,215
187,552
31,882
97,199
197,764
69,770
113,310
11,832
88,267
172,617
144,18
127,331
29,599
141,482
161,722
84,504
104,475
4,213
55,82
158,5
184,809
44,139
31,477
14,600
76,562
195,42
8,528
53,702
189,151
71,228
140,377
185,318
199,989
192,427
113,568
189,412
95,809
167,5
49,780
78,879
61,674
146,210
194,785
94,493
55,425
83,584
152,667
153,508
176,290
134,556
129,298
100,526
73,347
21,614
171,658
5,261
146,972
47,953
124,579
81,852
200,923
41,294
169,80
31,101
29,970
175,312
67,291
23,984
35,565
138,467
193,366
190,731
111,686
11,229
105,434
184,282
101,233
22,707
102,328
164,582
150,292
99,344
123,484
135,173
57,556
172,226
188,2
145,211
103,350
160,167
18,557
50,361
169,206
45,723
1,399
108,49
60,126
14,955
169,862
178,452
63,514
195,565
6,876
78,230
49,201
86,452
117,520
115,292
12,229
166,199
178,6
156,684
116,835
116,954
172,704
167,651
141,493
35,350
7,300
142,93
71,615
41,89
61,913
62,202
111,34
162,163
32,602
92,91
69,224
91,665
46,378
10,110
68,238
125,911
37,81
142,546
154,939
75,894
158,448
91,813
162,380
131,550
97,739
181,391
103,228
26,188
47,862
73,108
131,912
183,14
80,492
112,448
138,594
100,761
86,560
102,268
118,667
153,670
150,177
34,974
66,198
135,496
128,958
136,606
51,86
183,621
193,148
107,686
163,968
163,830
98,814
4,431
3,512
44,985
188,252
31,722
80,638
77,221
59,21
127,41
134,164
171,685
15,111
115,134
48,554
35,889
199,448
33,894
109,859
198,147
31,604
178,133
153,104
21,380
193,305
5,357
24,400
13,605
160,134
45,314
147,778
189,525
115,582
128,529
118,486
116,964
134,151
145,664
86,853
192,845
69,679
132,744
80,465
107,720
51,133
156,466
185,224
144,882
119,632
138,137
15,797
154,249
9,640
99,604
164,192
120,979
56,535
59,111
73,569
25,607
121,41
133,716
77,265
183,268
147,466
92,183
53,614
62,672
157,164
32,458
98,609
118,561
167,854
14,480
93,578
52,786
13,563
141,451
44,522
134,928
154,192
128,341
65,912
32,867
26,384
110,326
47,532
1,16
138,15
144,893
111,936
37,198
186,991
115,607
185,6
40,417
33,587
139,676
156,161
105,914
166,739
182,903
107,890
163,10
95,980
91,82
27,860
185,133
34,109
157,318
8,626
22,303
176,2
189,482
140,556
175,505
180,129
126,866
9,46
78,955
82,723
93,495
198,50
46,680
83,155
107,95
2,655
127,792
158,611
151,702
123,814
55,581
200,587
18,275
117,752
189,755
48,626
103,381
5,233
151,510
166,27
69,769
167,295
5,199
37,549
158,272
31,274
58,926
152,875
186,797
166,531
2,260
123,829
8,311
58,261
75,597
61,947
157,43
169,14
110,357
96,667
192,837
55,186
160,707
2,830
29,741
48,391
75,575
90,239
45,109
23,822
89,291
45,784
162,195
8,956
124,749
94,790
62,798
122,637
103,989
110,8
91,829
132,639
102,247
191,799
65,188
191,628
119,206
139,950
23,394
31,685
139,783
108,938
105,259
182,158
117,980
38,457
157,68
168,542
180,887
142,942
11,539
1,814
63,525
36,693
84,542
154,589
61,798
53,469
57,707
196,481
184,546
175,523
145,703
118,726
95,176
143,17
185,225
17,590
195,496
154,970
42,807
89,241
195,734
142,952
139,284
178,15
70,976
107,635
147,825
144,782
78,919
166,797
45,194
6,929
145,949
108,94
153,352
136,661
99,756
80,999
35,989
155,724
183,295
106,751
141,753
126,315
17,610
119,594
16,511
76,916
64,583
13,959
13,203
145,442
65,12
134,883
173,789
70,732
94,289
91,770
168,441
29,549
108,552
105,505
143,469
107,733
158,923
86,569
66,891
89,348
53,373
116,56
117,829
51,360
189,663
121,21
152,390
119,167
89,606
134,354
93,173
55,840
75,233
5,734
61,612
152,92
135,743
102,749
18,289
46,868
25,155
142,452
75,193
93,872
107,813
121,500
90,549
101,532
14,102
6,496
114,257
120,760
51,907
101,109
73,247
82,477
97,646
33,616
181,416
159,558
17,787
80,830
109,751
18,929
39,416
17,70
194,763
19,311
155,25
153,425
88,116
76,940
69,317
151,537
169,154
109,656
28,169
60,965
155,682
94,836
58,585
95,345
80,917
100,380
100,54
160,796
26,476
133,746
175,400
82,787
30,767
90,468
110,353
72,59
116,35
45,803
200,315
53,198
74,221
140,971
160,124
108,666
22,891
121,743
193,477
27,472
113,320
54,614
142,383
121,676
176,258
58,104
76,714
149,881
39,952
99,374
64,148
145,821
84,86
118,968
190,589
171,450
25,53
51,108
86,361
125,283
184,324
137,627
9,446
147,804
59,588
151,252
109,176
144,913
30,467
13,168
94,223
193,69
34,990
163,635
48,4
167,880
74,516
102,492
143,124
187,36
71,406
26,379
194,380
199,283
90,477
111,167
69,379
164,767
191,552
45,495
119,169
116,648
182,648
18,900
115,352
18,870
174,859
131,972
124,374
150,908
194,544
103,71
79,35
69,840
67,137
43,27
32,656
169,561
71,818
181,538
21,941
199,824
162,816
112,727
175,581
117,353
59,682
150,413
95,458
58,229
64,579
58,665
91,338
92,158
125,627
104,179
80,904
43,947
40,191
68,165
57,29
146,704
193,951
96,959
136,482
77,61
120,600
4,301
27,693
10,294
129,517
114,239
94,218
43,828
119,794
167,541
187,87
124,695
56,187
47,673
199,429
84,493
68,332
16,94
82,528
191,945
36,526
146,259
164,571
6,727
50,457
182,199
200,649
34,355
7,453
170,751
62,693
60,776
198,735
70,128
61,874
166,847
71,762
130,59
31,875
180,989
126,493
103,621
68,475
25,578
126,602
171,356
144,623
150,532
111,133
190,991
36,378
140,961
178,496
168,760
2,754
5,250
186,800
162,604
145,543
92,969
198,285
70,811
142,909
50,774
185,211
194,850
29,45
36,549
164,838
72,289
134,886
196,56
167,502
38,314
153,552
183,337
124,754
117,658
185,686
137,752
142,447
48,22
190,790
83,237
157,59
169,44
159,615
31,614
28,373
175,729
117,535
191,669
12,601
29,426
80,92
108,926
182,611
127,846
139,786
63,693
145,618
63,158
129,898
19,918
185,32
147,741
50,41
140,181
98,381
199,141
103,879
181,665
14,951
91,119
177,922
93,103
92,255
3,303
183,546
188,627
10,575
119,447
155,415
93,776
147,36
60,724
111,661
28,485
92,373
79,660
79,996
109,475
67,874
105,844
174,262
178,386
43,996
174,348
146,581
54,388
95,899
194,403
4,640
76,398
23,520
14,866
63,621
145,276
132,591
152,314
3,234
23,204
10,393
150,453
7,444
33,334
22,581
118,277
17,594
155,870
168,552
153,572
128,346
133,520
15,369
185,489
125,756
111,334
112,985
40,833
71,392
109,60
81,783
188,604
170,749
191,778
50,194
116,921
116,905
158,968
93,415
61,462
6,203
126,271
178,735
19,108
89,658
192,669
171,319
140,779
65,699
154,714
124,961
199,524
117,314
114,21
192,824
16,930
58,1000
154,466
12,42
111,840
2,359
89,781
29,972
193,647
56,624
170,544
128,956
11,620
191,104
196,666
98,258
197,423
72,626
176,174
98,787
160,340
187,681
48,55
40,610
10,954
63,443
93,505
76,875
91,946
117,908
59,139
22,532
108,678
104,432
64,301
177,12
181,622
160,547
139,618
60,812
192,41
172,722
15,472
146,691
99,219
42,733
195,876
120,453
184,696
22,668
54,417
146,675
195,702
95,653
57,453
88,39
166,539
51,410
23,271
93,479
53,746
88,892
57,294
22,629
49,1000
19,286
31,99
120,754
97,220
130,89
51,640
169,251
135,238
98,887
188,235
63,727
98,25
140,515
143,602
194,384
87,930
126,345
49,429
139,374
186,745
165,405
177,110
4,154
38,263
98,549
65,123
24,316
165,546
180,106
38,634
69,23
96,413
92,416
140,552
171,301
120,569
127,880
102,548
180,998
142,12
38,292
151,906
194,535
165,151
68,173
2,70
51,152
140,577
162,37
167,798
194,165
15,950
159,200
80,174
32,516
12,326
9,547
59,64
122,449
139,672
67,166
18,233
129,409
109,163
103,820
182,149
130,76
74,583
20,415
29,84
118,280
114,931
42,556
42,177
36,83
13,295
53,474
134,542
76,385
149,331
166,676
46,955
75,279
175,572
130,255
109,148
157,538
70,627
196,583
79,625
53,400
173,831
163,907
124,363
149,468
52,265
124,932
96,463
170,89
31,728
54,830
68,94
114,796
192,956
165,393
40,75
107,843
184,458
175,897
79,570
180,105
145,5
196,534
175,596
131,97
87,896
82,877
168,145
42,765
109,528
55,916
149,990
101,759
110,938
78,400
99,867
37,210
116,840
151,445
177,358
105,795
173,160
84,606
43,298
103,368
124,297
143,359
64,129
18,732
97,25
149,775
167,707
132,431
195,883
46,346
72,456
8,537
181,665
189,298
124,567
142,756
64,758
36,415
83,150
170,605
16,247
84,496
67,509
49,751
194,85
72,980
179,725
24,876
170,433
42,486
74,53
193,449
51,540
134,326
5,688
184,21
156,953
4,14
192,446
40,375
25,173
32,188
84,63
1,222
68,660
82,112
121,264
194,203
93,860
51,122
172,168
98,197
156,329
161,590
159,617
24,727
92,213
33,972
89,343
182,201
99,354
115,155
118,709
50,273
41,855
107,901
146,607
137,668
100,825
78,992
40,304
199,383
16,663
2,580
126,328
139,154
33,415
91,647
31,170
51,310
103,55
79,519
69,447
132,836
121,617
176,123
125,982
19,166
7,931
149,556
183,652
77,406
103,339
140,399
19,318
62,11
177,862
110,298
94,85
158,773
166,191
136,452
118,456
150,313
106,68
57,580
162,74
114,154
42,216
188,86
169,130
59,323
147,909
136,696
116,195
194,909
154,114
166,744
51,157
125,831
43,193
143,642
73,450
48,349
181,887
85,161
35,819
109,55
21,653
22,95
105,407
180,460
63,885
100,701
19,702
128,440
69,669
8,139
63,957
89,92
193,97
151,403
116,2
27,759
174,293
84,882
186,282
91,610
95,196
175,439
38,157
191,603
77,869
170,834
185,344
106,376
72,452
199,215
196,210
132,233
104,347
169,567
163,16
189,76
107,251
162,651
156,590
26,46
39,355
142,839
116,300
16,51
6,862
188,198
167,930
188,217
192,503
138,921
162,371
148,43
152,954
173,805
149,675
150,890
172,127
133,177
69,26
62,283
172,200
178,578
27,129
174,500
91,437
99,826
63,329
55,593
137,656
37,672
130,526
179,103
199,353
5,692
162,660
66,301
173,826
159,147
101,421
116,114
197,792
56,75
33,36
65,982
86,752
6,876
172,180
10,733
64,483
159,500
128,794
195,237
136,845
49,670
46,778
88,339
64,823
79,114
46,423
113,908
170,175
91,348
155,338
134,689
122,475
182,192
93,266
59,117
164,513
139,148
85,497
66,295
86,524
104,149
109,702
168,197
96,666
60,576
37,612
55,204
116,342
135,396
57,436
46,989
12,554
13,311
74,398
30,392
120,546
83,553
163,319
183,357
93,259
1,407
175,121
49,625
125,851
133,901
164,900
174,122
175,45
50,516
122,373
108,266
44,262
185,989
56,981
189,868
49,632
10,911
38,972
198,542
33,909
52,46
19,938
54,416
91,781
100,69
70,989
25,19
133,816
197,557
152,372
195,708
193,683
76,216
76,852
177,955
157,264
92,20
31,797
103,856
37,749
97,705
62,484
2,146
80,827
93,836
83,165
13,213
144,302
199,275
153,947
30,473
28,297
63,731
51,788
163,380
138,881
182,926
99,715
35,731
161,123
155,139
186,149
194,955
58,222
35,672
112,778
21,72
13,915
67,991
84,435
178,925
110,706
75,916
104,151
88,259
198,674
97,396
45,565
194,502
138,188
101,429
147,385
34,878
24,494
157,688
32,668
93,110
75,558
41,93
41,506
138,317
169,104
59,211
73,992
27,129
137,340
116,517
21,543
113,797
22,708
13,171
160,791
103,895
17,433
115,773
106,459
44,437
196,320
112,500
77,752
70,401
59,159
132,367
33,297
83,124
181,694
167,677
114,869
87,899
33,550
1,559
142,955
172,381
10,990
98,102
30,427
72,819
116,773
123,901
160,589
39,617
22,102
169,187
57,211
82,513
4,280
105,741
146,641
127,782
155,24
179,615
84,234
42,382
105,223
4,31
39,483
67,149
45,52
59,426
138,18
162,833
73,139
112,398
3,123
158,723
96,30
190,943
126,1
110,921
36,853
51,817
102,246
98,153
139,920
81,873
199,733
173,479
144,519
43,679
54,507
93,463
164,111
149,474
171,868
117,1
41,149
137,164
184,700
136,208
176,59
117,424
42,767
39,632
14,919
67,899
42,891
164,514
141,381
144,646
161,799
131,324
119,120
108,446
83,223
191,482
197,472
194,74
151,764
29,209
87,34
97,19
4,280
136,546
104,710
51,15
29,308
190,298
35,478
151,928
30,693
169,326
9,199
114,678
76,457
66,741
130,358
183,312
71,554
177,953
171,523
109,962
194,594
149,519
22,980
54,10
95,837
91,524
42,593
88,391
161,495
174,114
61,843
92,891
200,310
102,69
5,887
200,448
122,179
98,17
140,153
187,911
129,113
189,422
155,725
166,144
200,273
6,389
93,416
46,429
64,484
33,848
145,388
152,479
165,401
4,227
117,457
63,154
8,454
76,935
147,333
125,584
128,704
173,114
118,55
200,623
161,239
66,625
5,465
137,728
149,407
185,579
22,887
188,802
113,428
33,405
23,603
115,47
147,3
92,968
29,377
188,950
10,119
134,490
128,355
15,504
1,146
169,321
78,120
190,384
57,239
9,349
200,743
27,747
128,148
82,686
152,7
10,133
104,923
41,590
196,431
110,305
116,693
31,848
41,984
64,386
152,715
166,112
125,455
188,668
112,964
139,689
17,454
41,464
188,637
113,769
149,298
5,339
112,287
19,636
21,718
156,767
161,402
74,764
8,446
38,500
158,541
55,883
101,890
190,765
22,219
144,307
200,76
48,167
152,418
102,851
123,784
103,596
45,111
110,427
93,137
52,610
197,25
55,992
197,956
150,88
118,788
2,11
122,342
55,954
11,505
113,558
55,542
195,444
178,450
125,170
171,598
25,473
73,867
24,414
174,310
77,737
101,471
164,513
22,925
171,196
139,46
86,92
165,934
90,865
33,981
84,844
196,191
33,411
64,86
135,596
142,468
99,224
200,775
131,978
136,239
77,33
110,920
58,139
136,262
80,781
140,511
53,430
20,597
52,118
147,492
133,847
153,62
6,489
182,654
19,258
56,568
147,177
15,745
25,174
190,985
104,130
55,621
110,908
24,38
168,489
121,204
179,359
183,718
40,880
36,418
152,650
126,838
23,862
2,446
177,577
154,592
176,6
31,238
185,393
129,797
100,955
93,981
72,854
34,759
40,334
68,47
91,606
119,992
8,617
81,203
165,351
191,922
31,686
66,150
142,265
75,415
121,299
18,482
167,396
12,712
109,621
162,141
66,886
197,698
178,814
16,797
127,686
18,268
101,404
163,951
93,345
182,207
43,424
61,956
36,832
68,194
38,252
29,541
113,312
168,893
152,576
76,932
159,312
36,43
135,904
2,232
151,446
118,99
170,31
81,439
99,576
58,800
109,777
123,224
142,293
160,321
111,327
100,971
124,510
91,451
139,774
64,278
126,239
148,868
60,164
65,527
77,846
151,315
106,872
34,103
190,833
13,929
101,275
135,473
124,234
176,806
67,960
97,28
100,683
6,891
89,333
39,440
106,824
194,751
175,101
10,465
17,92
101,157
90,107
68,922
175,741
61,227
46,367
132,336
109,844
111,732
190,673
3,968
110,18
31,914
16,546
5,382
94,553
22,702
57,427
13,610
51,17
170,977
109,791
11,767
69,330
192,443
27,42
9,340
166,744
4,184
44,129
113,851
77,620
154,863
175,1000
27,611
187,313
106,659
92,960
183,95
162,882
55,40
12,278
95,530
51,632
77,619
148,363
40,242
17,37
70,741
149,208
19,219
165,880
37,300
46,94
184,708
200,454
148,16
181,317
191,729
120,453
51,421
29,950
194,160
198,59
154,19
185,511
89,497
7,30
8,425
44,269
17,236
156,615
98,996
90,832
68,194
30,959
157,211
118,349
26,879
60,793
18,910
116,295
106,734
19,784
68,708
79,165
158,957
111,15
67,345
64,933
163,99
36,408
127,646
60,599
12,435
25,297
165,837
127,299
83,719
104,579
104,416
52,934
153,672
152,867
81,571
29,303
112,323
14,396
116,980
152,318
50,522
51,898
99,869
62,812
139,55
99,195
183,59
32,434
50,215
70,742
27,51
9,574
79,284
75,510
129,717
188,171
161,931
97,364
113,355
83,392
67,990
160,694
19,872
183,875
182,135
160,358
101,551
156,121
12,25
145,704
144,397
85,266
1,241
2,638
10,623
46,914
14,678
193,32
24,213
112,613
174,258
49,383
193,929
72,349
178,428
20,567
113,152
58,770
89,590
167,946
130,288
106,493
97,693
109,100
116,997
154,573
102,397
198,471
23,589
9,988
6,375
151,852
40,247
104,728
10,10
50,83
20,636
190,640
48,847
149,271
65,612
178,184
72,479
99,62
35,666
80,460
53,848
168,521
142,128
122,331
3,612
199,82
165,996
168,867
146,181
3,66
75,403
14,135
3,3
85,652
127,703
197,86
114,682
17,289
85,369
105,534
78,767
12,105
131,540
46,108
87,24
170,381
174,492
156,789
194,782
60,214
90,533
166,19
55,19
25,676
18,82
185,490
156,240
195,77
162,114
39,139
52,871
50,183
54,390
35,516
178,17
2,654
88,941
65,43
191,869
176,283
43,978
1,315
161,978
143,737
139,669
164,787
199,207
71,880
134,704
194,574
59,898
46,364
27,597
65,345
42,423
180,782
81,860
162,752
104,228
88,768
130,105
120,435
171,240
37,980
150,948
101,924
131,333
101,29
192,750
12,805
185,317
197,564
118,101
131,409
22,151
19,811
3,525
23,364
170,49
61,169
100,645
164,792
36,926
74,798
172,864
49,468
84,894
7,790
110,491
171,472
105,588
101,883
195,891
86,153
67,162
121,342
124,85
144,818
51,576
85,780
69,913
141,493
56,692
105,899
33,522
4,974
192,257
10,222
80,283
67,176
18,760
76,875
28,278
43,997
133,597
47,409
122,86
194,308
22,563
151,984
192,520
26,503
92,215
120,736
98,776
44,472
133,683
187,950
68,785
20,246
114,108
2,654
131,739
191,790
40,48
58,374
177,491
146,851
161,544
45,291
151,194
155,381
64,869
163,761
131,359
95,843
151,864
175,334
115,272
34,292
10,887
52,656
176,356
158,977
24,463
53,232
96,559
72,525
31,716
196,458
68,940
121,433
39,933
193,573
64,748
34,352
33,967
174,343
185,173
62,643
55,731
89,657
138,567
125,165
4,743
75,150
84,163
7,274
182,452
22,157
123,382
187,959
159,374
100,323
158,93
29,25
161,956
198,18
9,289
111,25
135,749
77,865
90,409
37,806
72,491
147,15
200,787
10,523
132,62
7,185
132,749
116,101
158,170
124,542
167,712
158,211
58,380
168,113
147,741
30,694
17,305
42,552
171,243
119,34
76,522
155,638
27,291
115,507
57,763
23,500
15,837
54,457
171,865
194,741
70,112
89,942
123,415
185,263
161,545
156,853
109,890
60,774
4,492
163,732
120,8
31,786
145,47
180,850
83,782
37,404
125,898
85,771
185,116
148,485
74,520
87,903
33,878
160,396
81,489
60,157
38,713
33,442
147,1
192,789
55,436
87,484
48,966
78,458
67,57
163,586
166,63
174,48
95,773
95,592
120,635
41,365
194,583
7,436
170,279
176,959
107,408
92,768
118,899
136,694
63,849
149,452
158,318
19,528
51,876
132,478
181,560
130,311
62,151
67,751
111,63
4,821
127,239
110,624
49,244
193,190
143,65
122,879
10,263
16,439
27,873
86,312
30,399
65,161
91,312
197,136
12,688
52,462
111,213
197,47
12,721
120,616
64,978
93,44
7,462
15,365
66,217
15,784
192,389
183,912
19,49
57,309
19,167
36,734
46,851
39,627
104,792
37,102
106,503
111,828
116,180
26,949
182,914
65,584
43,372
3,174
185,347
51,901
146,139
71,294
41,708
72,332
112,678
124,91
21,195
200,889
39,907
179,715
88,590
83,162
13,12
169,483
120,893
87,940
55,517
62,867
23,868
165,507
60,707
193,9
189,323
27,51
143,557
53,701
149,672
74,715
174,855
96,790
41,137
98,449
74,69
94,446
77,554
77,253
151,513
120,18
66,480
126,206
56,770
138,23
199,247
79,86
76,927
88,580
35,25
34,646
199,41
2,444
134,555
48,250
42,154
195,376
145,113
198,252
168,456
55,80
157,643
57,594
90,226
66,927
191,975
185,950
104,270
16,92
129,762
8,658
21,39
26,792
143,232
178,73
45,400
121,953
96,516
94,492
193,721
77,452
80,42
119,100
93,698
198,863
196,754
186,511
41,484
70,129
200,872
103,14
187,491
131,443
190,345
94,106
106,125
88,903
42,170
17,223
59,338
56,317
114,679
135,26
40,541
166,95
123,645
113,588
35,260
169,235
41,241
28,782
110,807
8,105
151,367
96,462
46,99
116,112
90,272
164,545
72,366
37,718
197,899
144,298
147,279
84,775
11,552
111,85
42,205
190,568
106,354
92,427
57,606
58,886
172,413
66,378
121,253
111,845
114,150
142,144
152,815
132,110
140,779
181,710
114,994
68,211
159,268
168,214
184,542
7,232
115,618
22,494
38,364
135,905
65,143
33,722
51,651
75,302
13,467
68,465
156,377
18,412
155,872
54,828
187,57
11,844
80,486
134,371
104,203
188,575
23,29
56,909
74,968
70,904
116,227
138,169
36,896
93,268
131,753
16,493
9,813
159,787
41,737
99,318
89,550
194,443
178,537
188,443
188,976
76,644
92,131
116,831
124,792
71,19
64,217
44,247
94,764
58,124
68,387
196,613
45,890
18,877
172,745
69,8
153,894
168,113
164,273
79,234
124,536
188,660
55,864
106,168
195,279
149,887
32,634
197,602
107,824
2,57
127,337
85,482
125,189
86,24
54,817
62,478
99,107
10,832
161,458
54,850
189,622
108,183
87,737
4,738
89,906
83,689
60,794
97,783
55,377
106,964
189,762
132,435
120,519
41,389
11,472
6,972
6,712
96,649
193,414
154,144
35,615
139,598
47,59
124,342
183,988
156,532
49,729
151,800
146,391
164,612
144,550
157,292
187,368
26,972
96,340
94,341
42,58
188,88
191,123
100,184
88,417
141,443
142,286
115,528
69,778
150,948
50,680
30,331
138,209
18,863
18,161
31,219
155,772
167,604
1,665
99,100
13,350
92,220
79,548
35,321
52,468
138,554
55,721
117,672
126,978
120,154
37,626
50,405
141,273
133,207
28,357
38,928
39,261
151,217
8,962
69,675
145,385
80,612
129,157
61,842
191,552
167,4
167,474
171,502
60,991
88,521
59,402
39,527
142,284
164,359
114,584
127,456
63,824
161,779
93,453
96,513
36,633
56,500
21,826
137,300
57,844
166,654
25,818
115,909
85,505
104,954
11,143
86,251
64,706
109,741
45,399
150,740
31,853
125,704
27,247
199,468
28,498
120,337
34,340
68,262
158,417
24,29
22,178
25,580
86,368
107,583
36,172
65,801
189,167
6,868
20,562
75,234
149,123
24,267
75,356
78,273
39,400
116,750
81,395
33,471
168,322
110,1
39,301
186,96
152,363
50,784
46,588
57,746
46,958
50,459
107,228
118,626
196,157
6,654
115,918
97,408
107,160
17,811
129,332
63,122
178,396
186,558
52,714
93,340
115,194
12,288
137,304
1,42
28,47
186,909
5,459
91,287
26,108
180,724
134,963
77,477
113,209
61,396
72,393
63,722
194,569
176,932
120,982
146,693
124,31
106,353
26,555
189,517
69,354
172,421
5,956
2,317
198,908
98,222
113,338
30,436
55,64
128,396
32,61
129,196
184,245
16,792
123,488
5,505
93,174
37,731
127,323
160,491
4,581
75,152
82,94
155,926
44,993
53,562
6,243
116,510
158,86
55,610
76,55
42,189
61,384
194,102
105,875
51,718
159,882
145,28
26,989
21,759
117,867
187,983
108,8
192,984
14,841
179,262
169,485
78,484
179,537
120,699
117,519
26,386
197,26
62,512
186,423
98,493
21,329
20,859
124,648
84,783
54,889
121,851
138,834
9,277
1,423
129,830
61,222
163,139
122,397
19,80
177,549
141,653
22,478
156,646
66,737
107,724
30,180
41,781
156,99
78,278
166,990
182,111
172,358
33,417
32,977
128,399
58,940
119,970
127,35
176,146
19,875
102,758
132,882
56,720
153,379
118,991
188,410
125,12
22,52
144,105
162,212
164,341
120,399
167,303
37,933
127,731
93,574
178,774
157,320
2,730
32,923
157,250
149,249
64,731
163,191
195,358
190,880
178,568
178,835
115,23
60,16
35,557
89,548
148,526
16,839
103,403
30,647
51,577
156,205
45,792
110,287
187,850
102,158
181,333
71,917
130,384
29,142
91,165
23,187
115,351
4,217
147,8
117,838
181,251
131,795
164,406
190,847
84,680
18,554
117,159
179,627
52,578
23,575
163,451
138,64
143,367
20,64
64,101
6,178
30,708
171,186
49,491
169,965
141,237
139,201
191,531
25,766
70,58
133,300
58,650
165,622
144,788
67,440
96,144
163,443
12,223
59,378
154,489
64,317
80,819
22,981
149,26
69,745
98,987
18,635
68,27
125,796
97,423
50,759
54,964
14,484
114,51
178,19
101,796
104,393
43,704
46,492
191,625
11,891
31,802
199,669
112,801
16,130
2,757
21,969
107,277
17,567
17,54
45,977
19,455
61,63
63,296
109,913
150,788
57,543
2,473
57,96
46,823
135,450
184,818
198,874
13,241
153,482
105,543
197,661
113,260
78,964
183,367
170,411
80,425
122,614
146,53
6,615
132,679
24,559
24,817
79,225
173,449
54,793
180,214
86,313
68,6
146,284
157,445
35,475
93,981
170,854
134,593
10,61
177,714
176,439
35,820
70,6
41,854
85,362
144,481
192,70
87,648
50,396
71,403
154,24
84,143
142,246
78,358
195,761
69,257
83,221
125,683
47,593
102,325
95,275
104,308
122,565
40,356
111,433
131,724
15,615
34,747
17,498
96,14
188,740
101,841
192,525
144,549
182,293
138,197
11,387
98,810
2,986
191,239
198,854
90,791
172,312
55,170
182,732
2,632
145,688
58,944
200,383
77,339
22,672
54,792
143,38
194,66
197,174
110,82
106,713
129,672
198,681
94,270
39,53
126,289
109,164
121,262
117,41
123,740
51,291
188,743
136,808
80,424
141,9
183,464
59,270
47,832
126,702
9,584
200,824
37,314
197,896
146,213
153,429
161,890
156,917
103,347
84,311
41,498
117,67
138,1
69,124
107,871
168,865
122,846
23,329
36,27
185,63
136,811
22,458
128,150
70,446
83,303
183,47
182,416
42,121
144,370
30,306
70,614
155,604
152,806
7,597
173,480
49,844
159,226
165,88
187,739
28,454
59,750
68,458
30,830
163,934
16,829
155,797
138,800
173,566
156,941
45,507
143,590
88,8
72,113
35,460
69,532
25,505
133,684
89,793
87,65
46,418
177,596
70,447
154,398
24,537
146,606
59,208
168,300
7,771
200,99
107,775
180,700
164,359
85,44
173,514
173,316
161,857
122,707
107,431
159,777
54,775
167,550
107,174
54,632
17,21
135,406
72,886
117,120
144,239
47,224
99,196
115,30
197,519
154,955
80,801
198,727
141,459
134,613
146,852
93,472
149,411
74,66
73,14
150,376
121,557
42,836
137,797
198,32
82,76
83,70
121,186
158,755
73,37
151,187
5,945
99,341
5,236
103,855
124,282
190,851
71,969
12,342
29,363
124,498
176,398
14,71
146,868
54,164
123,955
172,864
100,685
57,80
20,802
186,976
107,248
93,788
28,677
116,446
66,893
140,816
134,763
141,58
140,322
67,137
45,302
136,17
191,608
14,411
195,23
196,245
28,342
71,171
90,672
73,994
36,156
40,715
151,914
196,53
79,61
22,757
175,945
69,664
23,533
9,99
15,206
150,968
190,384
45,912
196,945
78,233
19,313
80,536
98,713
172,468
18,666
29,743
127,280
22,818
61,598
148,39
176,952
112,625
12,219
144,691
77,860
62,184
101,571
148,346
65,671
155,359
42,543
106,689
132,622
32,99
175,144
59,857
161,164
113,122
129,876
120,217
162,941
73,336
189,655
102,802
163,778
148,173
153,266
101,895
111,659
123,37
92,151
108,377
76,392
34,521
84,191
67,400
137,238
19,42
96,751
101,13
48,750
59,715
4,320
164,166
195,486
109,104
22,743
89,286
187,210
86,364
68,749
141,954
151,205
16,774
98,314
154,646
152,209
165,758
124,13
36,434
59,934
16,357
50,172
126,486
116,447
152,385
145,252
88,997
183,718
2,740
63,587
72,335
132,901
116,416
180,867
101,133
40,748
89,10
121,984
69,795
73,10
18,930
166,268
70,620
28,470
1,524
187,374
116,387
55,611
128,288
13,429
55,386
200,230
82,430
166,161
118,337
104,836
110,722
20,373
50,254
130,465
71,698
147,421
20,187
31,403
107,481
80,630
83,676
46,521
193,31
156,448
141,326
3,713
172,129
97,152
89,739
137,678
41,400
117,583
41,891
14,211
34,60
106,323
49,621
129,850
45,535
196,607
198,606
113,817
193,685
106,237
76,357
2,960
91,354
73,611
95,879
173,534
175,267
175,853
171,92
77,235
115,912
81,333
115,964
108,596
80,845
150,991
147,398
2,988
123,129
160,125
197,522
110,370
177,931
123,744
156,900
112,274
129,913
75,665
172,796
80,161
61,341
117,476
77,956
102,24
84,664
37,581
64,418
162,619
35,883
89,905
60,888
69,368
124,115
7,129
84,287
62,281
184,508
106,498
124,557
13,957
75,858
85,609
44,747
107,919
189,915
185,325
23,992
56,78
113,248
133,965
81,332
134,988
184,244
166,163
91,109
168,998
189,409
34,239
73,794
18,300
19,12
150,963
16,8
176,920
133,777
143,316
85,273
199,50
102,416
79,130
138,763
182,942
105,644
42,464
49,236
3,733
97,320
85,757
38,206
5,800
150,59
103,337
28,716
137,856
96,165
17,652
152,114
180,986
80,864
108,18
64,953
155,327
95,138
191,343
18,1
192,257
55,134
84,225
30,338
84,544
21,249
91,109
197,241
77,109
170,986
63,572
68,781
90,516
43,319
54,834
56,39
122,977
94,270
98,848
141,858
178,587
27,117
29,636
93,38
96,916
137,452
57,804
96,490
46,73
68,963
71,740
78,708
64,89
192,354
185,536
97,667
114,144
149,693
23,394
89,921
124,633
15,376
23,89
95,731
102,998
59,819
197,616
115,351
148,539
108,716
38,106
61,771
63,226
189,841
144,247
82,473
95,852
47,731
176,174
31,270
44,744
176,480
187,395
69,653
137,510
22,844
108,403
53,483
49,588
110,338
195,630
25,452
98,878
147,642
176,58
145,835
17,267
31,895
193,197
9,319
139,746
86,788
117,450
150,285
139,42
35,235
16,95
113,184
176,411
95,377
14,790
164,949
183,226
108,395
51,880
81,924
131,938
50,744
93,834
151,935
96,294
76,685
61,244
124,647
27,772
116,382
161,63
37,116
53,241
157,615
16,269
178,500
55,332
77,162
17,513
199,631
47,806
110,526
121,289
85,943
119,291
124,448
115,879
92,179
66,459
87,579
141,604
70,445
138,945
94,807
154,862
169,280
172,727
111,140
93,2
200,16
38,817
180,670
45,871
35,597
4,909
145,961
91,134
69,833
12,439
36,479
30,40
92,146
123,680
192,996
123,158
196,577
103,936
16,576
49,527
123,899
155,198
196,23
15,344
146,646
189,554
41,803
195,495
85,292
193,905
168,832
115,725
8,432
194,121
127,48
108,437
34,437
16,585
72,103
63,117
175,642
46,351
120,360
59,483
52,624
62,9
160,107
148,679
99,838
178,804
188,567
123,187
112,33
169,379
128,427
50,92
96,655
58,283
113,39
176,530
87,214
26,29
110,338
123,224
62,157
24,940
162,222
149,988
195,279
43,854
82,676
197,923
129,492
40,226
44,438
57,189
27,769
68,906
146,635
7,593
115,796
57,113
198,971
158,853
113,515
108,270
130,470
24,896
148,436
68,817
63,239
14,797
51,958
59,658
2,752
34,103
42,659
5,656
163,780
195,729
51,830
84,3
192,957
53,501
168,944
138,192
10,594
180,884
21,911
40,559
34,227
86,85
106,935
172,794
94,952
172,762
109,749
170,826
176,911
124,278
9,814
158,279
165,589
14,772
120,834
134,93
32,475
122,726
109,775
112,701
96,484
194,789
76,80
59,799
56,716
53,71
146,333
55,857
164,824
140,796
175,540
31,85
62,502
186,111
163,104
146,202
176,655
132,683
83,900
83,433
27,129
172,929
40,276
1,735
178,75
171,394
94,989
115,219
173,640
45,890
65,739
57,567
22,342
92,616
96,562
179,369
177,891
100,639
12,806
15,206
93,45
183,155
82,242
200,838
162,44
100,164
58,271
81,254
26,420
121,625
184,122
197,609
60,179
146,482
132,576
54,909
17,33
153,482
46,620
100,115
141,77
73,625
198,145
135,666
144,654
30,873
16,274
15,611
177,685
101,549
146,614
181,814
147,539
74,221
75,826
23,813
89,7
130,229
115,793
139,505
172,297
129,563
161,156
125,750
156,796
140,806
87,677
182,738
60,829
11,402
182,238
152,805
71,104
64,701
11,540
112,573
127,887
114,667
84,372
22,839
56,133
159,300
151,155
10,92
95,737
161,343
173,250
58,311
62,391
3,956
200,192
93,101
55,160
178,579
151,755
177,332
104,792
199,188
98,222
53,128
101,47
40,397
131,678
145,781
45,367
173,165
113,555
171,722
102,474
26,773
134,233
105,231
38,836
90,73
35,679
103,992
163,358
100,886
74,402
179,569
85,746
41,850
174,875
107,892
159,27
112,811
180,480
163,817
168,793
51,217
79,924
133,479
178,882
123,549
129,290
18,834
142,426
101,376
170,491
62,93
154,761
78,80
145,642
2,133
98,529
183,181
28,474
146,64
182,371
68,161
39,323
117,564
171,308
98,944
90,43
105,779
97,963
69,151
182,914
67,118
58,448
55,331
86,917
57,132
184,850
167,690
198,538
163,416
183,756
95,267
72,778
111,236
10,156
79,827
103,354
101,912
10,388
18,238
195,645
18,372
97,103
60,307
45,928
25,284
65,723
42,228
25,78
98,851
165,321
12,315
83,277
97,36
168,511
192,274
122,697
76,283
37,91
62,61
55,703
36,853
165,522
24,598
105,233
103,47
181,190
140,614
47,740
22,827
119,415
92,178
150,60
74,356
87,796
115,261
3,671
97,461
114,793
62,975
86,653
59,569
114,887
83,145
167,726
183,651
75,374
18,303
133,320
27,28
17,878
108,72
191,733
35,509
79,487
132,2
64,569
175,516
27,27
67,225
11,411
146,181
69,225
47,156
175,656
31,773
182,640
157,140
121,737
152,990
170,108
86,436
113,857
47,966
195,282
105,244
177,82
171,274
27,266
67,644
8,488
72,137
120,716
41,464
80,55
48,701
26,125
102,515
178,727
57,972
164,541
171,199
197,502
175,931
191,756
36,735
190,555
41,845
13,967
103,848
78,764
5,354
84,365
154,9
171,127
23,847
50,792
94,194
138,348
97,728
72,344
71,498
160,352
20,832
171,819
47,985
29,569
155,973
62,828
89,557
166,786
54,337
190,17
57,32
130,529
46,279
1,858
12,122
81,964
7,413
29,723
63,440
68,887
118,914
50,302
3,248
129,281
131,209
70,296
32,39
83,211
30,334
128,667
28,877
34,327
55,326
41,473
96,681
174,478
198,926
175,974
55,45
169,339
172,337
107,953
126,435
188,910
111,584
110,984
180,959
34,127
32,159
35,230
153,947
33,484
30,169
10,109
24,436
172,503
153,714
79,386
92,21
187,908
178,197
148,28
76,141
150,819
92,484
118,999
9,782
40,115
65,118
174,331
17,888
179,754
128,67
67,516
78,142
132,594
125,536
59,457
122,980
48,654
132,576
84,569
104,138
126,656
78,110
68,131
102,507
139,569
34,990
141,460
61,228
103,258
105,155
148,100
170,735
107,736
195,813
195,608
162,77
84,794
137,541
5,320
64,50
159,48
19,733
116,582
184,602
104,537
59,261
29,589
190,991
8,197
133,510
190,454
69,505
61,530
112,218
85,63
179,981
172,839
55,751
140,112
118,78
159,114
62,518
74,357
21,730
100,823
189,989
119,284
9,581
71,167
192,8
23,566
176,172
177,521
171,962
11,309
110,369
116,652
77,218
59,208
98,700
11,331
122,726
170,979
170,677
79,651
139,469
136,626
28,275
100,369
48,629
155,966
72,65
125,426
94,169
12,440
159,785
96,24
151,423
123,931
18,898
147,53
199,291
175,255
82,993
127,734
156,74
69,728
136,765
85,583
23,304
58,776
120,532
196,719
41,983
25,897
104,97
141,448
182,135
119,320
105,877
32,573
183,936
3,786
65,823
55,565
94,484
102,994
192,101
97,636
31,520
122,179
36,81
161,310
139,74
184,698
165,6
196,897
16,231
74,744
41,874
93,759
111,63
116,708
10,250
178,656
33,928
82,5
184,855
199,802
101,154
117,533
133,113
5,139
163,175
167,240
146,984
48,826
74,935
130,703
72,511
130,981
178,961
40,345
151,110
153,456
61,491
83,771
23,251
67,767
89,558
157,491
6,6
32,603
93,976
112,463
48,755
192,521
175,550
158,864
163,581
194,109
70,308
23,297
6,833
68,353
28,847
75,235
115,900
170,826
183,413
48,493
14,342
6,532
8,525
105,412
18,771
92,429
198,705
109,683
67,424
154,339
49,807
86,625
150,204
128,65
64,934
189,155
4,566
58,91
164,22
137,690
77,874
200,626
182,516
131,938
100,88
113,202
149,531
146,613
174,248
124,136
155,411
9,771
114,389
56,123
24,217
131,638
146,978
42,82
150,45
113,576
134,660
97,896
109,81
156,866
99,414
169,193
9,181
32,344
77,142
71,630
198,884
85,941
41,821
58,637
102,841
184,152
152,301
111,159
159,361
