5000
150,710
175,656
125,170
125,293
89,367
68,40
26,300
44,587
143,212
155,551
10,487
64,959
26,705
81,534
85,89
17,496
200,839
165,825
198,123
69,138
183,965
2,815
113,388
62,736
195,333
103,862
29,302
170,275
183,358
8,23
192,242
129,191
83,756
30,343
15,184
78,312
33,187
6,615
54,247
69,197
171,623
13,812
199,961
183,241
59,635
74,137
33,78
126,336
56,355
131,166
197,179
22,760
2,602
144,899
105,643
108,821
146,913
167,738
108,987
77,848
126,890
10,679
121,602
20,974
186,816
11,132
189,625
197,111
12,639
19,479
133,897
129,788
53,826
34,331
50,798
145,500
116,837
173,407
6,693
84,231
123,779
53,605
182,287
175,258
153,282
57,697
22,601
67,400
63,501
74,512
185,728
5,24
61,723
107,690
114,846
148,78
84,305
48,142
65,7
110,438
