50000
56,697
119,171
158,290
121,662
126,704
23,618
20,218
135,846
139,462
97,115
166,150
38,212
48,431
167,961
77,71
122,569
161,340
118,486
52,866
157,382
45,795
79,642
175,904
93,525
79,526
119,91
158,216
56,969
8,818
141,78
167,358
23,704
82,939
90,840
2,498
109,583
90,147
77,467
187,860
152,120
164,592
71,127
103,347
46,717
138,392
92,984
122,56
6,642
121,727
147,211
47,502
165,245
127,612
151,718
101,113
125,699
129,342
4,825
40,455
161,234
70,117
151,479
128,690
107,229
39,942
136,452
190,310
161,30
2,926
112,446
11,749
185,577
45,827
21,901
151,739
9,149
191,680
199,713
5,393
22,93
87,281
117,386
108,894
99,954
85,222
154,455
148,249
81,790
60,994
42,286
183,338
159,421
77,774
27,838
36,17
126,301
8,707
4,122
107,703
32,683
34,878
55,4
156,532
47,556
154,245
100,961
165,252
97,838
161,680
74,381
16,521
156,147
52,66
182,205
14,876
103,97
198,880
72,167
50,777
15,138
128,550
115,264
113,478
28,460
167,111
11,675
8,933
73,216
104,642
18,396
127,875
121,858
190,639
141,774
64,55
174,630
95,5
69,482
102,882
71,83
144,345
65,453
151,454
125,538
21,142
68,61
114,464
39,163
161,310
118,487
126,694
65,700
139,240
9,507
86,458
99,611
184,523
115,950
64,130
48,851
127,445
162,496
3,980
105,170
158,10
183,916
11,486
157,116
49,17
183,956
111,26
140,433
129,22
136,580
131,104
189,636
105,906
94,659
63,660
168,814
181,331
112,618
51,352
8,444
199,664
61,552
16,774
108,292
14,506
136,408
15,708
91,664
77,17
115,354
66,408
90,254
182,820
115,426
160,170
84,529
160,778
172,765
188,928
34,410
95,827
30,125
30,259
125,714
87,861
38,142
198,988
116,187
169,248
170,535
153,489
151,416
113,128
178,659
25,909
154,824
131,225
112,84
99,537
61,434
60,814
160,983
184,262
48,794
183,106
55,329
124,44
45,925
179,308
74,101
119,581
8,59
34,775
27,597
103,628
157,220
128,888
173,12
14,762
116,238
118,642
93,508
23,35
105,990
10,35
42,495
153,518
55,293
125,262
79,122
25,430
146,343
162,340
45,569
157,613
106,831
38,189
21,266
156,97
106,738
93,634
20,721
33,692
153,151
87,339
138,398
83,649
148,757
163,784
57,469
81,179
19,932
5,521
182,549
176,983
7,828
24,345
117,725
48,921
169,969
6,42
178,641
179,292
34,933
3,887
23,336
36,206
182,641
35,584
45,122
145,391
23,333
168,650
93,202
159,388
59,601
155,531
149,560
146,569
10,259
27,230
108,267
192,405
11,776
159,572
16,754
167,666
99,911
142,234
3,381
7,267
125,412
113,429
195,725
193,651
148,665
134,16
147,998
58,481
14,250
196,808
73,21
87,483
17,47
102,652
10,117
186,713
8,799
109,222
92,503
25,580
75,424
127,523
173,691
87,386
131,293
104,566
184,805
96,964
114,740
58,262
3,330
98,827
143,267
18,990
172,850
115,110
117,464
198,1000
4,323
83,858
156,365
117,833
167,163
73,646
35,396
189,463
145,712
50,763
56,990
13,167
166,363
115,773
76,756
179,349
130,544
118,50
25,401
51,639
163,310
70,100
187,68
131,179
197,711
159,416
97,447
78,694
93,244
156,752
192,163
100,745
93,276
150,199
88,770
192,402
172,804
91,517
147,149
194,103
164,649
88,510
47,875
194,8
33,857
83,12
100,697
49,736
189,998
12,797
160,71
2,448
198,324
54,382
128,934
48,448
110,338
12,660
110,452
129,41
159,981
28,590
45,843
39,655
128,837
80,131
27,102
9,206
28,877
90,28
200,870
11,580
31,65
56,826
121,16
53,560
148,927
66,582
69,400
113,920
183,199
123,795
75,150
102,874
143,513
149,277
199,56
121,762
128,828
92,70
100,342
153,749
40,20
126,941
168,890
157,346
18,28
125,919
61,908
185,29
19,836
184,128
109,825
129,866
96,502
173,480
111,786
170,588
124,400
77,633
23,313
185,432
185,49
165,304
192,810
169,735
151,142
67,526
5,608
92,483
28,157
104,929
67,879
172,170
130,451
33,10
178,969
122,649
53,266
54,487
106,225
48,286
15,117
65,420
47,987
197,271
40,19
39,902
131,781
18,690
199,811
12,91
54,151
51,841
134,388
118,342
74,920
30,144
141,470
77,280
80,751
183,197
152,61
20,394
73,953
54,56
173,299
84,323
68,719
125,369
140,151
117,76
188,783
131,81
89,675
147,956
147,744
109,206
177,707
191,725
24,263
147,983
188,106
116,900
104,636
188,575
50,830
148,691
86,880
179,367
171,272
40,710
88,566
179,782
170,124
182,132
33,639
20,637
56,545
100,496
67,89
3,367
83,221
118,946
184,837
4,647
156,428
38,974
197,241
90,827
126,251
121,770
119,336
136,447
194,552
130,495
66,771
114,309
157,264
112,285
121,518
78,514
120,733
171,649
52,688
59,871
120,698
149,577
162,26
140,354
9,772
52,982
91,618
32,376
158,794
56,960
147,40
62,962
49,539
171,484
137,462
35,315
32,716
47,471
80,575
127,726
117,607
4,341
45,184
115,549
84,514
11,456
23,307
141,838
29,307
147,983
102,820
131,591
154,377
55,840
78,300
65,999
177,572
150,749
200,134
158,24
72,65
188,609
66,582
107,716
37,500
165,784
191,200
180,307
38,971
32,745
101,129
33,117
118,813
195,259
171,345
192,920
106,488
132,25
184,592
52,21
133,404
146,649
89,271
72,536
147,884
45,418
116,542
171,716
143,685
89,496
174,430
138,937
73,403
186,37
63,798
186,235
90,723
72,974
69,986
159,502
90,745
7,863
93,956
145,950
116,888
31,668
166,551
22,362
49,748
178,999
61,425
104,568
7,427
54,596
84,127
64,182
26,876
85,945
144,645
182,494
123,999
15,994
55,27
152,187
145,2
75,284
102,917
167,245
113,455
35,584
12,715
159,80
163,469
198,263
142,443
123,430
67,75
88,841
35,986
187,651
179,630
142,672
191,336
59,610
188,764
169,3
141,900
112,382
174,636
123,886
60,12
126,950
135,766
153,721
3,164
181,549
155,668
36,18
99,559
121,418
74,565
157,853
70,218
93,629
187,422
108,633
90,940
156,653
165,53
108,714
43,782
99,557
186,980
4,160
56,735
195,748
15,847
2,172
98,555
109,534
126,378
61,282
77,967
194,599
31,798
130,173
197,964
84,428
130,743
35,740
9,911
45,223
86,165
48,762
13,468
136,354
132,520
85,837
49,622
69,135
53,439
138,792
127,44
152,316
70,79
72,811
110,991
27,95
146,457
170,897
120,600
46,257
187,104
145,854
181,867
53,92
166,699
53,684
91,862
111,761
170,900
44,160
137,24
85,289
140,780
23,989
18,536
166,992
41,961
126,507
110,397
137,657
153,754
34,304
80,519
97,192
181,743
22,169
163,601
42,924
1,573
184,877
102,395
83,439
24,571
138,910
35,347
71,134
19,998
187,330
151,471
91,663
84,323
78,543
109,251
27,598
100,346
168,494
154,520
88,409
91,969
83,787
174,533
35,686
195,407
69,282
173,567
186,636
46,527
175,923
22,741
41,854
115,31
32,990
66,44
47,50
74,445
104,658
21,631
124,415
184,734
46,77
188,153
192,383
112,209
15,683
167,879
199,909
148,181
46,618
39,44
91,668
47,328
142,119
99,259
73,578
65,46
81,658
51,824
182,271
165,51
113,296
155,273
148,585
126,56
37,463
139,366
2,293
182,752
68,993
17,485
191,951
102,181
145,41
17,216
183,465
60,417
21,823
99,69
12,961
66,730
194,664
72,597
185,542
68,262
109,160
5,504
99,181
129,95
8,765
37,826
136,433
121,798
77,508
105,685
149,975
154,82
95,311
45,372
86,72
54,871
7,108
189,244
25,862
150,780
66,702
180,426
35,792
110,538
107,642
196,294
11,750
179,319
189,316
7,154
177,287
120,415
52,62
11,250
185,442
177,591
187,56
90,101
24,411
144,495
13,225
61,268
7,792
140,41
187,803
137,644
69,569
122,982
196,227
6,441
110,744
155,365
6,11
56,149
60,541
160,620
54,309
95,405
171,724
173,369
87,44
115,63
107,444
37,467
147,134
59,177
123,969
95,514
146,32
82,819
176,464
74,542
25,992
3,830
45,203
66,782
177,259
17,973
180,247
83,406
180,787
180,482
187,154
94,861
38,388
50,289
130,63
54,884
113,702
137,414
149,411
192,636
200,61
169,15
143,222
33,557
53,389
99,370
15,446
152,703
185,440
119,441
98,645
23,807
186,902
26,203
109,424
45,217
190,204
55,900
35,759
59,650
170,305
111,835
186,435
13,751
66,22
200,110
49,604
87,979
155,226
87,426
176,111
94,333
181,168
122,437
