50000
107,94
124,442
86,249
163,232
150,64
96,626
186,486
140,265
193,581
58,548
13,590
68,896
182,680
52,443
10,265
163,325
47,391
120,241
79,901
41,765
117,767
100,195
30,348
94,830
153,423
190,652
40,820
121,970
88,266
99,48
113,31
82,43
154,752
15,286
169,440
60,499
67,583
189,512
52,719
166,631
87,133
16,71
161,43
95,831
160,258
125,611
36,644
39,527
123,905
136,452
38,27
88,493
166,141
74,499
176,690
32,673
179,734
50,337
148,216
25,951
28,62
41,78
110,249
148,145
63,962
148,354
162,57
163,478
153,84
29,932
170,801
138,517
19,650
45,128
181,271
106,184
193,593
154,3
85,999
154,401
122,725
19,840
75,253
67,888
182,301
143,926
129,528
5,638
120,651
123,204
124,533
180,409
25,511
122,881
9,714
196,885
50,3
194,680
138,137
113,941
46,607
148,914
89,735
4,606
122,224
85,286
1,307
193,748
75,88
144,807
149,430
138,481
24,440
98,570
129,606
116,126
63,602
150,113
21,668
97,234
157,884
64,75
176,360
5,995
20,99
25,414
16,652
191,217
133,662
124,953
184,280
163,530
186,390
168,140
122,167
82,797
87,711
50,353
62,142
32,530
97,868
20,912
62,96
130,968
86,963
152,319
42,691
37,10
85,851
73,233
186,207
63,549
184,302
4,520
17,275
156,779
6,299
168,867
174,72
128,619
63,372
32,253
184,834
31,854
170,848
62,632
91,697
125,146
102,170
90,232
61,988
105,213
37,387
183,217
166,812
162,609
105,976
69,940
84,802
127,375
20,924
182,618
10,97
60,587
75,304
28,792
142,934
53,122
20,70
83,811
108,21
188,391
200,525
8,489
181,401
50,474
195,937
129,1000
128,392
177,107
161,153
133,638
155,688
157,695
58,692
145,306
49,510
168,713
102,738
45,937
171,367
60,111
46,742
54,607
116,724
123,929
93,819
30,849
177,105
3,241
144,787
186,262
61,548
125,157
143,53
39,44
59,838
120,300
25,192
142,70
9,897
80,772
79,285
57,625
17,999
153,780
1,800
37,688
77,641
116,336
171,841
84,17
38,582
4,65
148,535
66,391
116,679
61,632
137,696
58,953
149,181
185,823
62,7
140,111
72,200
91,850
148,748
97,425
189,524
72,559
35,426
71,874
46,227
40,522
148,516
116,698
138,838
90,177
37,380
82,685
114,962
20,450
45,472
160,960
192,927
116,896
47,623
60,78
39,783
156,517
167,616
14,461
160,966
142,559
69,889
167,485
134,321
21,207
24,226
69,693
8,759
67,400
156,202
49,524
183,652
125,450
127,112
147,482
45,733
13,522
67,852
7,675
93,240
99,908
73,805
193,815
61,21
110,524
184,910
132,965
5,442
79,704
53,819
77,980
165,664
143,283
142,754
113,780
148,883
159,627
174,298
121,971
94,333
92,761
105,432
3,856
77,139
1,635
3,593
13,3
143,633
197,81
94,320
121,970
178,822
100,587
194,946
64,942
180,345
130,187
68,245
33,389
91,622
6,258
97,912
19,339
37,469
41,600
31,661
110,572
84,313
33,885
182,299
199,70
185,843
151,671
18,992
185,756
159,5
111,837
189,231
52,254
66,405
16,608
104,933
155,105
89,192
113,857
80,167
47,722
123,380
51,419
159,327
139,872
156,283
143,864
81,71
11,638
153,76
48,62
43,511
116,39
80,93
25,553
129,639
134,473
99,516
105,301
87,333
34,257
136,110
5,422
32,348
7,826
67,220
114,967
184,763
60,361
134,569
133,814
64,364
190,239
54,330
170,426
75,215
192,83
171,810
123,689
102,64
5,77
48,389
70,882
17,289
28,217
178,374
9,675
135,304
91,79
49,128
58,108
22,250
179,956
84,692
186,782
172,694
51,97
158,393
19,148
57,21
74,597
32,731
175,881
93,54
45,743
55,442
29,393
39,538
19,625
142,784
79,600
52,891
102,148
91,356
168,387
44,167
168,686
104,693
10,60
136,521
144,684
138,702
187,235
107,725
181,206
94,756
117,61
12,894
61,41
165,809
73,234
31,107
95,73
134,989
139,79
86,629
97,51
140,261
12,374
200,430
184,858
158,237
105,126
136,219
116,553
161,779
3,217
94,353
154,728
84,646
95,969
84,686
147,139
27,633
46,721
99,369
18,881
95,838
46,931
143,860
67,117
178,681
168,110
170,371
127,103
123,785
100,211
36,621
21,816
52,853
44,936
155,188
6,403
151,886
187,475
171,822
75,707
26,410
102,550
114,713
167,828
194,334
139,143
102,781
41,317
188,671
6,33
71,98
43,257
100,101
182,546
91,2
182,149
171,498
97,801
141,926
49,665
33,1000
79,649
13,6
78,39
189,420
55,119
66,769
170,118
54,196
87,295
127,269
115,328
24,12
26,514
120,137
74,571
148,70
200,215
184,661
143,322
1,553
52,359
97,98
67,16
33,583
33,958
188,446
30,200
36,651
154,875
191,435
73,576
48,111
64,640
30,419
111,824
136,154
149,273
92,550
166,128
3,793
140,629
23,624
67,797
98,980
162,963
29,449
54,68
29,554
37,324
122,414
128,62
42,651
71,663
166,206
125,13
149,671
100,264
186,793
183,56
128,679
47,32
87,565
178,323
112,139
96,488
89,715
146,309
121,90
10,643
163,345
95,674
35,315
37,497
184,108
11,171
98,489
72,388
63,966
133,302
10,192
154,972
146,513
191,890
116,935
30,711
22,343
179,987
107,506
194,242
142,809
112,452
151,905
33,158
56,320
77,489
148,37
133,32
169,48
67,610
146,275
113,718
13,538
137,853
171,695
147,531
198,412
105,382
28,207
92,739
154,632
44,266
181,891
145,386
116,634
161,178
84,881
143,24
97,931
107,17
76,419
145,587
59,128
22,634
157,824
92,325
2,92
70,126
44,170
94,128
7,59
126,803
192,723
51,241
44,531
176,398
142,299
54,919
79,638
170,134
163,270
153,830
46,245
57,965
9,181
81,227
125,759
109,271
57,763
26,706
63,636
64,300
93,493
131,964
170,293
110,209
127,696
50,821
181,155
60,606
72,830
12,678
98,676
173,373
31,223
123,457
98,329
87,843
131,505
81,842
184,421
166,753
52,503
196,802
193,650
97,397
104,387
3,755
3,295
66,853
111,238
111,676
144,298
24,131
94,327
59,22
15,605
28,796
101,497
200,981
165,423
25,830
121,359
180,888
37,737
2,939
36,194
70,211
183,339
186,283
148,272
151,460
94,26
34,914
33,918
152,86
122,528
47,773
177,671
196,148
38,171
131,845
120,299
113,792
12,769
115,504
9,235
101,875
15,561
193,359
30,980
22,416
130,32
72,37
136,671
128,45
37,872
37,494
167,89
127,347
57,358
48,618
92,669
163,585
102,703
58,155
105,513
64,590
34,227
128,950
62,859
98,276
160,435
189,622
29,875
53,421
12,331
108,518
32,781
81,292
155,380
99,273
110,189
131,48
75,174
81,537
12,625
128,509
151,283
118,119
50,897
140,46
70,289
88,923
163,285
172,690
142,514
48,590
103,495
185,659
168,509
132,96
200,694
22,749
15,55
21,377
94,502
49,295
55,431
126,991
31,541
33,990
113,587
164,385
12,478
156,401
64,358
16,622
136,870
39,165
96,425
153,660
127,348
119,47
51,618
26,579
70,218
24,524
42,736
54,685
25,290
187,211
135,602
168,187
76,981
179,68
153,344
193,853
78,288
36,228
21,217
27,225
31,45
137,66
40,678
135,273
33,177
80,918
61,452
43,121
18,933
89,624
140,740
137,561
66,820
132,979
181,829
187,750
83,766
158,726
190,288
141,923
6,466
90,458
102,623
3,75
184,516
57,271
197,367
111,385
61,969
179,681
37,388
61,398
152,624
67,342
131,283
197,295
165,470
63,479
87,664
192,197
99,122
19,159
118,166
91,157
75,945
47,549
182,423
24,830
12,675
98,38
96,766
162,257
39,415
104,137
130,764
91,113
196,288
164,705
138,910
118,740
24,817
148,762
25,897
144,733
25,19
93,148
180,579
153,211
56,308
156,735
146,903
73,716
32,366
43,472
129,607
193,857
158,364
97,206
45,714
131,170
175,477
128,136
134,189
15,224
32,599
177,659
56,150
121,137
128,567
162,76
112,735
101,233
30,900
97,281
157,50
158,144
59,393
45,807
123,513
133,276
36,524
16,783
172,813
91,599
159,139
196,578
167,116
112,117
10,543
180,315
92,908
119,98
193,241
10,698
103,210
84,152
43,105
97,601
168,216
35,152
104,558
121,190
135,879
127,76
13,902
95,908
199,33
182,696
155,691
94,492
4,315
4,307
88,915
80,255
98,806
169,647
97,474
24,712
113,736
142,238
63,989
130,547
83,195
173,942
135,847
29,532
89,270
46,24
198,594
74,180
161,496
178,191
21,491
22,622
47,859
135,992
64,510
109,269
87,387
180,695
16,937
14,984
