125000
185,333
199,965
146,611
22,905
14,160
41,773
159,51
173,84
70,454
170,435
125,622
114,425
70,221
194,525
30,354
111,114
73,695
174,608
125,540
171,316
12,226
102,614
15,8
53,309
55,786
36,783
66,297
84,123
2,510
192,441
45,133
98,546
181,236
129,573
172,826
91,74
102,883
190,44
112,20
118,944
20,883
81,590
110,588
104,727
164,428
75,118
104,22
84,176
159,472
177,942
93,91
112,865
28,250
112,604
103,537
21,406
80,764
87,227
86,798
44,79
131,649
30,544
131,199
199,358
90,745
166,835
38,242
27,150
66,203
45,617
40,779
195,672
20,182
198,644
127,476
194,578
195,594
115,698
145,659
163,640
83,885
161,324
39,451
18,481
114,647
78,816
71,606
15,361
130,76
80,473
116,39
15,378
74,79
166,885
24,630
153,520
99,474
149,568
190,918
11,461
147,668
49,330
155,488
129,155
16,462
27,831
88,732
22,517
166,177
11,254
182,449
113,537
134,625
41,373
96,940
73,397
105,794
87,696
154,54
162,663
86,68
85,97
143,695
99,291
65,742
169,988
155,895
39,342
21,597
170,145
90,318
168,716
170,402
34,610
182,961
22,318
144,386
165,811
85,833
33,687
180,849
190,702
135,96
166,687
109,521
93,19
93,317
47,974
55,350
197,498
50,232
36,159
20,303
26,520
198,553
190,905
135,39
170,345
197,633
34,612
97,158
42,186
178,790
160,829
43,739
113,45
106,374
174,737
61,993
114,626
73,771
192,803
115,240
137,245
80,989
121,926
50,377
174,970
147,452
119,788
73,797
98,515
136,429
42,837
52,821
155,142
65,54
165,493
96,568
27,729
133,872
32,292
22,782
42,280
116,928
132,151
112,94
57,837
116,906
90,953
7,425
14,406
129,383
61,396
21,384
58,29
82,954
26,860
183,666
86,811
38,141
10,294
121,713
36,778
181,481
115,631
2,928
21,20
66,221
39,562
187,624
136,434
29,795
74,244
78,125
13,245
108,655
160,469
17,114
128,612
138,17
162,528
148,248
184,148
75,440
1,630
91,247
147,427
48,681
172,88
135,999
93,70
135,558
130,806
130,568
6,400
121,45
163,397
96,260
192,17
92,808
18,354
62,751
169,644
27,791
149,753
194,341
35,46
91,560
87,834
165,180
200,702
119,713
123,647
47,831
35,65
184,795
118,38
76,207
12,811
52,908
11,324
80,528
102,835
140,485
65,38
193,663
49,293
92,883
200,49
168,340
70,128
95,448
103,762
113,917
99,348
48,509
178,510
95,947
133,274
22,745
109,81
111,617
47,559
76,329
27,82
84,677
76,314
115,618
184,437
43,707
114,360
115,44
187,891
91,630
112,282
164,811
15,77
172,653
104,373
132,821
192,696
41,976
8,147
156,695
113,36
33,69
61,798
166,376
93,393
146,34
155,158
174,461
95,381
114,782
20,588
36,543
94,408
81,666
72,256
30,27
189,191
128,531
100,936
144,121
68,794
67,721
115,220
157,293
178,939
126,205
32,139
19,463
45,921
183,456
23,830
175,991
82,684
89,727
17,564
139,298
77,872
41,729
182,950
180,654
45,813
93,521
58,125
52,812
36,243
127,27
93,568
147,378
120,823
142,133
157,906
23,68
80,408
184,737
123,539
106,788
105,844
148,76
33,996
82,658
19,461
120,697
133,353
33,900
200,565
164,602
47,787
34,444
129,933
15,852
32,531
40,312
43,166
83,958
182,231
89,971
133,917
73,867
21,257
51,651
142,282
33,641
78,630
137,96
129,657
44,607
149,158
44,675
160,738
155,346
145,43
8,84
12,972
165,790
148,272
167,216
197,586
107,633
164,32
128,911
161,559
75,658
78,495
63,825
176,416
77,465
19,706
16,162
113,426
124,476
53,349
156,148
81,883
184,327
188,882
89,999
103,134
195,380
132,576
28,327
62,478
32,274
116,254
37,100
13,298
99,885
158,429
64,986
41,834
84,957
148,739
81,195
196,164
128,528
120,511
79,510
6,93
101,518
118,990
62,221
150,362
13,52
73,507
153,904
168,689
121,293
138,9
28,442
35,904
68,745
94,783
104,375
12,411
14,584
144,200
93,567
74,76
99,517
116,783
141,287
160,697
157,122
33,999
25,404
96,814
87,572
94,774
37,204
155,522
103,513
11,47
10,141
183,342
122,532
117,153
156,915
132,144
84,954
157,327
42,403
158,758
77,608
87,520
131,546
126,726
145,307
122,836
5,378
85,690
29,427
150,316
186,894
177,645
7,612
122,272
168,802
199,593
148,234
185,53
150,492
44,537
162,739
159,794
98,152
175,249
9,587
180,113
49,20
113,322
108,156
106,708
53,421
129,794
157,943
121,894
189,745
16,723
36,532
54,575
84,679
123,539
97,322
45,471
137,351
140,363
174,791
185,698
165,823
178,271
157,496
50,981
64,286
143,306
58,965
77,790
74,722
54,707
181,501
82,492
90,574
185,281
74,125
147,693
140,389
102,839
89,978
198,824
38,298
11,295
183,81
89,947
114,672
66,766
123,220
52,848
138,278
144,713
70,141
28,631
190,601
62,249
13,686
136,232
164,239
14,103
106,339
184,484
26,698
198,141
2,988
141,952
41,417
168,958
122,489
167,205
194,988
74,329
74,662
16,930
197,92
167,588
60,548
190,741
10,936
45,428
46,957
10,857
102,807
127,191
192,986
75,898
10,10
77,582
155,110
86,292
117,657
140,537
127,911
35,872
130,480
70,198
29,339
42,749
118,664
66,736
48,15
189,346
76,582
173,776
50,180
157,877
164,919
104,847
110,528
84,89
103,686
25,190
36,489
83,959
64,7
67,393
61,458
193,274
85,310
150,741
147,12
67,670
93,710
61,64
171,122
120,315
41,416
176,515
181,789
80,707
31,655
76,377
158,227
57,981
35,490
40,466
192,621
96,426
180,563
121,776
138,822
171,846
56,781
64,697
194,611
21,539
115,541
181,371
20,940
145,115
16,849
141,925
130,208
147,550
39,169
84,875
134,453
30,697
53,735
150,501
24,921
131,457
15,465
34,526
107,468
145,60
144,474
173,827
79,741
6,406
66,837
1,764
56,593
19,47
109,353
180,66
139,62
18,957
121,33
74,419
47,788
35,785
165,747
166,987
108,384
98,460
97,385
21,700
170,896
139,137
168,881
90,122
46,551
101,542
33,746
58,855
1,775
6,306
119,690
185,558
109,545
98,844
59,254
118,355
40,283
49,960
186,784
29,33
170,430
158,785
5,247
53,69
26,609
9,458
154,689
181,894
13,251
190,46
103,450
60,553
56,773
199,58
36,516
75,240
188,590
82,592
154,792
173,839
83,243
78,898
37,677
134,227
106,308
71,63
143,972
152,901
189,934
45,642
174,438
143,508
13,996
89,965
165,688
98,805
135,327
179,427
105,153
77,386
48,773
138,485
62,870
58,308
182,148
119,937
15,576
106,992
107,571
136,138
100,249
66,209
85,663
21,945
116,868
95,95
138,742
49,53
69,387
173,620
155,41
19,193
195,602
186,688
144,223
123,214
86,311
4,217
49,986
190,121
192,773
123,937
63,713
155,721
53,407
62,566
83,795
73,390
120,547
167,368
79,268
93,526
128,478
26,823
185,481
195,860
82,937
53,380
81,424
12,577
57,760
38,17
67,567
150,594
185,428
76,157
51,338
59,389
146,854
63,512
141,671
176,346
66,782
126,990
186,658
190,503
118,173
188,815
91,174
36,738
140,501
48,939
139,658
16,537
9,860
20,968
172,50
196,7
106,141
162,237
18,725
39,10
56,518
117,383
16,633
164,683
158,935
124,676
125,17
2,545
142,422
4,18
136,740
71,549
74,18
129,833
179,691
111,826
46,110
25,537
39,247
50,635
135,259
91,274
102,81
96,983
104,471
145,250
179,232
77,701
21,670
167,778
9,96
104,389
97,566
122,58
164,10
180,176
22,512
112,661
85,580
25,917
136,942
11,236
55,923
178,909
146,487
70,48
20,701
72,921
140,578
169,34
46,952
81,17
54,602
37,771
183,841
102,952
20,307
42,578
62,581
100,694
139,340
99,774
190,144
177,742
21,513
191,998
89,55
26,448
60,859
20,349
155,788
158,978
153,407
199,335
8,650
70,803
116,503
59,365
142,964
97,443
48,697
150,677
98,88
198,634
76,818
64,731
19,85
69,158
98,729
163,158
190,399
82,370
28,94
2,966
79,456
93,780
70,105
34,90
48,442
115,571
143,525
105,106
7,92
91,568
24,612
154,804
84,885
99,13
75,424
100,798
22,743
144,927
63,586
134,174
176,390
44,143
69,309
69,505
38,65
43,446
71,432
77,496
20,370
65,967
64,739
161,508
153,632
51,469
28,139
78,7
102,341
159,390
85,451
86,441
167,998
153,140
77,329
155,971
178,206
123,322
46,988
102,992
82,299
189,712
163,503
148,801
63,334
97,288
101,374
30,955
145,205
152,559
47,699
197,564
7,976
187,473
182,215
113,817
75,852
178,71
105,690
128,143
163,311
62,259
169,158
184,434
97,76
115,613
123,597
103,548
130,946
178,429
140,38
93,719
138,609
164,937
22,112
197,255
169,681
91,171
166,628
12,577
166,694
166,410
193,340
111,109
3,101
67,228
131,765
133,572
149,705
148,227
115,384
101,475
198,696
151,708
129,155
89,26
124,108
76,426
22,119
187,146
90,320
88,467
53,534
124,357
122,100
113,740
179,464
82,69
77,46
182,118
6,870
88,664
28,694
43,953
190,250
133,179
142,164
85,574
110,982
119,238
104,645
48,191
164,674
111,406
8,756
158,905
51,461
152,440
100,5
181,220
53,286
193,721
17,592
27,819
138,192
94,334
51,469
30,269
172,884
126,541
164,321
153,398
157,402
151,117
90,361
118,633
45,834
173,723
77,941
158,605
22,689
35,321
31,245
79,120
47,383
178,145
131,398
108,611
36,589
99,434
48,499
163,551
178,942
166,954
45,569
43,502
74,144
48,323
116,635
14,887
92,975
3,497
35,200
99,987
144,518
168,507
105,702
126,426
182,861
114,501
43,85
145,32
195,226
75,34
71,231
138,296
44,800
118,580
191,792
197,508
141,524
29,587
30,275
199,557
94,556
194,43
195,737
113,560
56,436
27,754
168,770
64,305
9,461
68,357
23,450
31,795
61,215
189,603
177,360
182,625
162,439
43,631
36,804
53,834
53,825
16,584
90,546
72,612
138,173
83,721
75,297
147,274
132,922
174,835
25,139
193,805
106,941
16,284
168,130
180,887
34,256
38,729
83,849
64,780
174,403
126,146
148,648
69,643
107,385
116,78
163,814
197,96
104,528
192,285
178,959
95,466
125,336
149,3
199,868
188,96
188,996
118,651
171,715
92,871
17,815
137,408
56,992
110,845
55,507
69,331
73,346
141,592
34,580
125,808
88,916
175,781
13,48
26,642
118,17
32,952
41,452
117,1
110,208
177,932
34,904
167,310
41,896
71,96
168,370
65,85
96,681
167,170
14,406
161,313
186,717
194,240
110,672
24,721
25,2
55,489
20,136
152,232
133,697
114,10
3,713
88,837
31,881
109,711
34,490
19,235
99,92
188,826
27,106
81,377
77,141
98,793
193,896
35,657
174,147
18,544
145,9
157,666
43,451
90,740
55,644
192,156
106,631
176,454
56,89
26,144
193,127
151,748
99,360
110,323
36,254
71,661
22,255
142,616
154,739
156,292
200,964
177,28
169,897
78,211
133,622
131,194
192,402
76,662
14,803
62,507
99,116
62,512
164,609
19,541
4,370
82,136
100,882
146,431
94,560
175,177
196,483
198,75
5,602
18,15
68,221
11,945
16,972
102,519
74,644
183,514
197,426
109,719
103,85
164,550
138,631
40,285
22,318
21,524
53,998
40,550
84,401
151,650
196,855
167,698
165,68
80,716
112,748
62,60
63,89
112,119
117,627
156,57
80,683
190,674
190,180
31,13
182,141
180,12
42,509
89,536
133,802
185,266
43,381
33,768
200,895
69,751
31,790
8,344
110,279
135,66
68,730
148,643
20,509
117,524
93,57
128,880
146,171
95,162
66,792
27,916
147,691
186,119
59,759
131,3
12,880
4,251
12,484
94,393
39,184
10,567
183,759
168,430
58,330
64,427
185,328
70,846
20,586
96,123
129,690
14,184
58,824
133,48
103,71
120,887
73,793
80,336
23,567
117,9
95,206
75,578
78,758
160,249
119,378
152,996
127,792
199,201
188,923
140,779
63,155
2,955
105,25
60,555
89,652
178,899
3,974
86,2
195,674
97,870
189,745
79,107
53,543
61,430
126,985
16,996
37,729
72,96
12,944
60,919
134,423
180,918
96,470
192,87
149,98
130,137
164,840
101,77
152,582
16,446
170,988
34,243
75,268
81,949
101,718
189,335
82,464
70,240
20,967
52,140
200,789
150,112
40,109
43,461
120,322
105,124
138,367
198,213
116,316
119,272
31,93
41,827
176,312
181,714
155,42
56,856
84,152
24,729
64,992
92,406
132,51
174,307
67,840
45,32
104,876
116,570
192,564
64,97
119,105
36,125
4,64
200,228
34,203
103,382
176,646
166,87
150,601
67,940
20,23
17,203
166,455
33,95
85,126
11,965
119,52
44,947
147,444
186,405
128,31
98,700
110,177
91,220
48,282
72,457
39,36
158,635
158,252
166,303
128,422
141,491
16,90
72,393
36,430
52,659
135,256
162,822
140,814
5,392
183,368
123,558
125,353
145,515
83,398
70,185
7,327
153,225
8,918
200,288
15,829
121,543
92,786
150,239
41,103
64,673
62,273
137,836
189,58
196,971
57,590
100,364
45,181
61,607
82,826
189,715
92,936
152,29
181,718
91,971
146,578
37,577
49,857
127,556
80,180
126,39
24,58
60,617
57,21
135,490
1,340
158,207
34,349
184,182
83,61
6,152
151,722
37,793
29,867
135,882
94,984
19,383
181,965
170,406
151,104
87,310
83,140
41,750
112,811
164,984
125,665
82,179
182,992
144,711
158,806
92,229
171,604
45,388
79,752
177,302
33,182
187,2
180,972
147,401
198,989
146,34
47,617
82,944
157,227
164,580
27,960
128,145
85,764
20,244
89,328
43,652
23,842
182,687
164,747
86,458
3,272
54,256
178,70
90,263
28,738
1,50
99,449
188,430
43,906
106,505
97,360
140,385
26,849
123,808
148,667
195,704
58,167
116,76
9,302
6,327
67,975
27,76
88,175
97,165
188,77
141,965
24,347
153,629
124,722
8,442
168,169
156,912
112,161
14,104
85,211
49,420
179,568
185,948
187,554
68,677
73,305
61,99
13,403
147,563
126,158
14,370
1,438
23,302
170,641
154,492
52,100
7,212
44,654
75,84
122,865
30,316
102,483
126,917
170,272
24,658
140,397
48,380
98,379
48,457
12,270
113,477
68,232
69,578
16,155
193,714
171,100
22,685
89,828
139,424
194,604
59,567
16,861
100,839
134,429
138,704
122,587
61,488
77,81
102,925
183,36
129,585
133,820
147,694
159,151
31,973
194,460
45,972
43,996
55,828
50,130
11,434
21,700
112,207
161,152
153,265
82,933
187,937
18,90
100,570
102,566
84,878
71,533
118,940
4,806
180,639
151,536
108,116
107,154
38,581
151,597
195,988
26,948
28,577
200,104
74,889
138,902
89,899
106,271
99,671
125,586
156,485
10,177
71,413
37,634
156,698
178,412
10,406
85,708
61,51
191,487
69,919
96,21
87,838
78,319
72,864
126,879
179,702
26,996
59,138
77,998
191,454
199,846
83,276
187,427
155,662
23,193
114,217
105,759
125,778
133,889
96,841
15,528
41,68
80,727
130,414
35,800
135,901
146,30
45,198
52,858
15,256
9,468
13,941
93,722
51,281
95,844
119,518
102,651
32,698
8,248
96,501
153,457
46,984
122,601
142,359
89,168
67,767
177,93
73,29
99,51
42,875
147,799
55,878
57,663
58,694
53,276
167,420
132,21
200,991
197,699
3,486
34,663
45,616
3,230
65,623
79,730
182,659
71,434
97,873
90,471
65,224
120,310
174,534
160,407
150,105
2,524
170,990
96,575
166,609
156,290
77,701
28,494
17,345
71,656
84,883
71,268
168,729
167,306
49,154
133,784
62,922
15,825
154,414
170,328
175,144
185,27
168,510
76,266
108,415
100,755
10,598
182,586
49,352
186,731
57,703
137,654
122,929
172,368
130,308
44,861
169,898
143,186
76,100
121,132
190,265
186,828
144,782
47,970
175,922
86,671
23,228
91,229
191,893
79,431
85,381
67,600
76,475
31,482
14,888
163,598
149,967
159,73
121,911
50,513
31,889
175,391
136,306
106,56
39,141
52,351
105,584
118,147
81,884
184,185
200,83
125,341
162,182
81,650
15,5
116,281
54,780
199,173
148,783
41,502
196,799
23,133
158,445
163,440
104,440
123,393
2,39
137,205
188,383
4,914
83,776
136,196
5,693
2,642
188,255
58,711
89,320
34,106
99,516
151,314
43,67
12,306
75,467
187,533
153,537
87,445
176,138
88,924
126,368
193,193
43,971
104,20
59,230
187,135
55,752
6,604
130,174
32,376
183,667
10,385
164,262
198,548
160,50
153,50
170,111
168,857
6,50
177,119
107,455
98,127
141,259
122,719
40,211
178,703
162,10
78,431
170,104
170,533
70,638
156,718
36,429
27,524
185,633
31,290
30,804
28,510
51,624
52,797
68,852
134,997
52,367
181,420
76,165
11,562
128,933
54,705
124,339
61,3
4,688
23,929
29,856
147,686
127,153
24,799
131,77
186,741
26,927
66,660
60,468
76,271
119,52
26,833
45,896
11,873
75,369
174,321
110,757
30,98
195,912
12,10
36,680
166,175
85,367
113,979
160,275
188,96
96,835
88,188
30,411
103,986
117,279
99,707
123,820
108,665
43,116
34,713
186,61
41,107
107,934
152,495
146,695
113,186
157,389
200,368
157,30
176,902
187,997
34,495
125,116
106,452
12,65
67,671
81,13
181,890
174,538
197,762
148,742
145,230
172,895
87,532
134,705
180,634
25,444
170,745
64,494
89,680
174,657
99,153
143,914
157,56
3,659
41,518
121,873
127,891
43,77
193,504
83,247
85,994
72,52
130,229
141,659
97,413
61,81
118,455
147,459
23,878
128,458
81,122
128,764
168,19
27,414
106,37
143,563
1,846
24,811
155,987
159,653
78,912
131,576
53,671
172,468
88,373
14,837
58,865
117,340
144,786
159,615
122,734
169,373
184,464
30,100
195,675
57,3
88,364
163,988
75,561
134,383
180,109
12,919
43,505
36,842
184,761
185,420
28,261
157,201
49,124
101,221
118,845
49,734
87,111
194,425
12,949
163,858
173,603
32,791
116,469
169,604
130,138
128,5
136,754
13,567
111,859
150,495
131,800
46,709
149,178
188,835
33,107
100,674
154,621
83,517
99,429
156,938
178,781
64,281
102,987
88,994
76,464
35,142
106,617
180,908
192,525
77,864
180,561
81,729
189,958
142,648
56,206
54,640
183,298
176,354
173,136
182,666
46,516
139,711
164,331
182,119
195,361
144,492
150,585
171,728
107,691
192,916
137,293
109,828
4,536
28,26
98,149
14,687
15,205
69,769
42,294
175,257
38,860
16,708
76,209
193,555
9,368
116,105
158,889
173,758
144,886
58,761
166,575
100,244
131,804
179,295
178,681
13,949
98,397
107,980
176,321
142,56
4,762
65,208
159,890
200,882
114,850
58,934
163,722
182,664
95,774
151,560
190,618
51,795
186,988
50,302
115,182
175,77
48,986
45,753
132,123
97,42
110,286
143,271
34,165
150,867
66,6
85,478
182,960
40,41
40,951
83,612
14,793
161,631
170,309
126,809
147,564
92,75
182,326
135,226
48,534
18,806
130,164
107,557
138,414
24,358
57,905
55,680
85,340
93,301
56,974
193,634
136,487
144,844
193,665
3,118
172,355
115,247
165,629
160,250
11,699
83,391
30,396
66,554
186,290
7,934
133,842
198,384
132,823
131,457
125,45
76,920
167,198
83,527
22,971
25,172
198,551
137,8
161,68
54,687
162,793
55,886
176,435
27,211
138,849
180,900
190,794
112,663
19,765
176,158
7,471
184,340
10,90
19,56
46,814
65,572
19,589
59,933
67,418
100,462
162,415
111,324
5,399
173,122
137,7
165,738
159,65
194,764
150,47
180,869
19,367
129,109
75,806
176,309
156,89
73,784
113,391
102,842
170,32
122,161
137,226
35,765
101,816
140,303
163,148
77,694
187,664
96,981
3,567
143,145
32,43
2,587
153,404
138,561
22,313
54,767
190,926
186,353
55,423
166,872
132,146
42,189
57,632
65,199
30,186
172,819
146,873
14,872
193,955
141,473
166,563
19,298
172,69
65,101
51,744
149,499
85,366
33,688
168,241
26,292
159,72
50,326
125,462
85,632
169,314
178,599
40,580
146,374
81,982
110,173
2,321
64,805
57,730
190,657
112,284
93,138
174,751
85,899
123,474
115,368
199,313
125,565
28,180
166,622
21,862
72,880
36,913
138,202
68,752
161,79
187,78
5,870
130,647
8,833
149,593
104,788
152,218
10,565
67,557
139,484
168,794
39,375
101,229
198,604
188,878
75,138
119,514
131,93
102,373
129,11
170,245
158,701
43,776
132,144
115,164
46,580
145,676
38,754
188,496
92,42
57,780
125,238
17,271
95,240
11,685
53,531
93,398
121,940
117,903
12,41
167,332
27,721
134,649
71,855
190,270
149,558
146,179
97,670
97,375
151,670
20,530
65,386
58,529
104,362
89,499
124,909
155,7
129,904
36,451
43,236
20,527
165,288
55,154
48,162
93,617
184,837
31,677
59,425
85,738
30,494
173,491
123,216
152,166
166,854
106,23
63,45
33,588
152,165
35,645
132,41
147,151
15,171
67,945
47,530
104,614
145,653
5,900
185,746
170,842
73,970
22,222
115,622
121,889
124,175
57,851
106,616
37,814
150,841
197,187
160,676
131,271
43,742
176,351
117,611
152,71
59,388
99,136
28,17
52,536
130,701
108,847
39,621
25,182
122,924
158,615
10,899
137,516
193,121
24,494
169,134
155,553
1,919
199,695
167,442
134,431
95,896
12,715
136,440
59,961
124,809
197,391
90,604
