500000
80,178
145,447
174,897
83,824
149,143
175,787
52,257
35,427
142,205
78,313
22,305
146,950
161,473
140,188
97,802
112,99
36,540
114,711
81,516
176,730
92,480
91,438
120,431
106,473
8,935
144,28
197,432
23,774
36,630
78,806
63,595
132,383
33,636
140,922
145,899
76,55
194,866
101,129
104,687
2,474
196,896
133,472
14,87
15,277
167,110
86,609
25,842
75,580
124,708
85,886
16,125
190,599
173,524
190,735
14,719
53,529
37,576
190,991
127,140
58,917
173,656
40,309
161,319
185,960
2,825
125,639
177,206
30,69
1,157
155,902
31,533
25,254
53,107
122,26
130,455
101,57
32,308
104,496
48,840
61,862
140,267
157,698
113,880
169,632
32,443
38,652
6,190
37,839
191,674
62,175
131,760
180,560
52,488
123,297
75,684
26,983
151,505
95,684
71,401
99,715
28,476
107,834
109,152
8,291
118,124
145,399
3,595
78,35
166,667
169,635
114,44
91,986
36,480
186,470
71,10
41,367
129,877
129,216
90,925
181,538
100,526
17,179
168,156
91,672
185,577
87,471
184,880
36,286
196,675
78,946
101,70
166,496
97,986
121,621
169,185
148,726
130,795
169,539
67,133
179,332
151,979
149,357
150,633
104,70
12,31
188,163
60,99
171,109
128,957
174,488
83,779
60,791
188,815
61,108
45,746
99,774
108,945
17,64
157,257
30,39
192,75
114,782
96,622
162,861
8,946
45,329
28,716
116,387
35,653
147,570
52,201
65,503
113,696
74,231
52,760
42,445
136,829
50,89
150,25
162,983
172,99
53,35
36,915
2,369
199,418
146,560
19,349
48,699
187,981
187,658
136,509
49,853
54,585
122,513
91,366
159,922
144,874
36,821
18,450
110,641
97,895
19,583
21,131
133,306
26,121
128,237
14,616
139,339
6,230
75,945
65,400
181,367
18,894
41,992
74,77
137,590
62,874
133,955
157,513
80,409
159,59
140,715
29,597
121,960
68,669
8,34
87,432
67,206
86,910
196,61
36,210
141,837
188,338
194,680
16,242
127,75
145,927
157,720
196,827
10,355
19,973
107,613
190,628
21,909
142,491
34,278
186,43
27,37
128,520
58,666
90,442
123,311
59,22
15,27
199,801
51,548
156,881
98,699
176,756
5,566
124,54
100,785
97,713
33,441
180,438
141,142
30,449
31,919
158,926
95,361
50,352
112,941
15,244
60,95
151,11
59,423
192,771
138,582
12,822
4,895
185,256
15,79
15,130
113,185
73,45
81,359
155,671
63,300
34,621
102,491
169,126
169,79
20,257
140,211
127,723
189,833
92,920
57,455
183,310
94,799
142,300
168,251
135,915
69,327
179,555
129,107
14,355
106,723
160,498
72,81
53,934
36,862
134,237
79,760
142,216
32,382
186,836
37,37
61,716
113,666
196,465
30,22
128,857
9,277
72,603
99,308
22,62
72,876
157,394
127,20
98,394
114,46
58,211
98,189
169,442
137,54
170,313
9,555
196,357
7,932
156,773
87,945
68,830
193,606
56,776
8,350
186,850
160,445
110,802
187,951
189,771
15,827
28,567
100,976
185,955
174,295
137,475
109,587
185,582
197,532
67,167
98,479
191,947
61,136
4,288
175,974
71,88
64,790
139,303
87,585
102,40
158,281
93,276
169,257
168,830
198,623
4,128
79,583
170,329
68,868
46,455
119,18
113,10
120,38
92,492
164,865
143,224
105,60
149,962
21,284
157,565
81,977
17,452
47,265
197,806
71,266
127,131
59,646
45,151
159,672
13,239
30,671
10,189
176,519
113,594
82,43
142,735
59,63
183,266
66,17
174,866
91,554
184,46
154,241
90,112
20,520
114,116
131,80
61,209
84,585
96,850
175,426
19,658
110,897
73,147
7,335
156,808
93,344
105,919
167,384
121,966
76,637
8,165
95,46
75,953
39,934
152,27
28,624
55,828
81,524
184,800
190,521
149,730
89,963
56,388
150,34
169,744
39,391
196,665
21,979
20,982
58,579
129,589
162,562
188,429
138,751
32,868
136,818
14,622
121,676
135,533
113,325
69,200
148,301
63,337
63,819
197,371
60,467
81,767
30,710
62,456
188,981
105,371
21,361
144,518
20,937
93,670
124,620
59,460
108,236
146,848
33,948
138,251
199,932
105,691
150,682
36,621
67,815
74,350
81,121
21,419
108,518
38,590
127,648
198,203
47,898
117,16
43,124
108,270
196,568
183,953
121,761
26,130
9,854
111,25
177,171
19,136
132,888
136,941
100,926
109,363
33,412
179,571
62,730
76,122
87,919
87,606
156,632
28,740
12,76
190,943
91,973
115,933
105,646
116,759
112,297
194,489
180,138
188,188
186,785
151,939
131,86
39,918
2,608
152,379
173,665
117,389
83,450
46,521
185,603
72,968
198,100
60,305
127,350
13,578
133,919
135,594
131,865
110,293
83,394
82,776
46,977
37,43
189,904
188,216
111,532
72,589
158,322
26,356
73,170
31,295
71,499
113,230
44,296
67,621
193,109
60,683
72,145
25,212
142,859
131,773
44,29
154,925
11,983
139,551
50,7
126,853
7,379
53,289
147,437
188,456
134,130
117,303
29,734
181,942
31,456
111,506
68,89
36,286
188,685
30,992
91,823
21,763
57,745
20,335
41,520
86,283
117,646
189,526
173,796
19,724
177,323
10,444
26,955
181,814
134,326
49,862
143,677
161,37
163,643
3,252
36,601
97,894
57,690
51,272
121,156
125,834
48,752
128,290
34,204
163,897
23,974
133,878
186,768
55,4
112,69
126,572
157,214
182,183
10,429
177,270
158,390
162,598
61,654
90,496
136,673
47,899
77,861
60,897
75,685
125,502
162,402
154,366
140,493
76,99
57,116
194,783
74,430
115,334
64,679
109,119
46,476
82,677
30,356
179,408
181,132
199,904
124,861
126,616
106,704
61,30
75,275
130,221
105,63
144,791
83,268
173,326
106,401
114,436
103,267
14,275
125,746
57,348
163,839
12,316
115,420
57,587
43,549
53,799
161,113
158,626
85,133
155,553
6,974
185,22
98,93
200,722
86,935
91,786
197,567
17,671
13,532
54,371
138,204
41,859
138,406
184,235
75,821
42,933
96,340
106,221
142,751
64,963
4,37
6,774
135,105
129,408
125,44
41,290
78,25
59,647
198,705
64,35
70,768
32,833
97,672
103,135
190,898
70,883
22,79
19,517
185,721
196,751
107,21
4,761
139,620
39,98
189,603
101,199
156,880
80,804
83,436
132,762
6,310
71,470
52,103
68,993
168,591
121,386
75,440
24,228
105,575
72,495
73,930
180,547
130,251
98,18
128,746
101,975
96,782
140,732
28,464
58,592
7,407
198,238
115,379
123,577
28,659
80,341
37,830
162,1000
22,98
144,174
54,886
126,608
64,86
37,413
158,859
122,536
186,860
146,779
60,61
197,506
65,422
80,759
87,855
39,38
83,706
145,614
105,893
2,275
177,215
194,576
126,559
128,321
167,242
83,473
182,495
132,569
190,751
21,944
27,436
180,80
97,131
194,14
42,533
192,125
43,203
113,891
30,40
109,508
44,642
135,499
36,767
141,429
103,10
76,121
112,302
185,945
174,278
134,331
158,911
96,578
167,170
37,298
134,702
53,823
158,975
183,381
133,620
65,484
119,216
85,950
192,738
35,169
135,733
122,11
82,427
46,154
121,69
2,320
180,193
52,711
25,551
118,339
25,63
160,480
153,161
18,359
163,573
58,354
161,15
50,282
73,841
110,599
187,314
95,640
197,413
66,575
139,657
169,208
20,607
40,106
188,222
72,183
68,578
27,130
134,602
166,785
99,339
148,791
152,620
71,990
189,893
158,685
122,215
44,3
60,222
24,952
158,151
37,169
122,896
1,332
20,918
14,141
131,827
113,436
171,484
84,310
129,779
31,247
144,403
97,793
99,724
122,364
80,859
134,325
136,81
155,863
55,979
43,969
163,854
72,729
37,861
112,574
114,502
178,808
65,702
31,572
112,668
90,183
7,887
94,876
120,790
172,355
187,435
55,632
144,898
49,392
96,184
192,11
51,453
93,539
50,6
151,318
85,97
95,938
65,515
4,622
70,35
166,282
165,491
102,45
179,722
65,281
161,59
147,844
8,884
184,950
121,623
162,466
126,178
122,768
166,769
140,827
27,40
95,30
157,916
183,157
181,754
46,892
34,85
108,855
31,58
114,653
182,64
81,100
140,285
50,671
158,756
5,341
173,869
82,920
182,174
151,740
94,529
4,964
171,413
107,858
171,686
16,67
50,845
195,514
38,747
69,86
45,455
12,283
156,204
177,518
105,178
163,765
1,319
71,575
90,121
88,478
146,857
179,89
145,953
119,91
30,941
24,187
187,89
48,326
152,642
6,786
44,808
3,223
164,384
118,84
186,966
64,316
175,658
49,766
194,756
34,318
14,389
181,294
46,286
36,579
81,424
58,856
49,280
52,182
76,266
179,451
68,95
126,364
149,373
90,791
165,536
116,850
162,704
44,38
150,395
40,551
146,216
180,445
89,662
175,816
74,213
88,717
129,565
191,814
69,93
132,792
54,265
56,479
67,33
30,530
169,647
48,487
36,479
151,331
96,578
97,675
151,923
9,331
180,108
162,368
3,163
108,487
86,345
166,925
26,192
92,314
42,479
140,191
193,23
113,829
158,468
152,590
178,446
188,409
122,855
63,259
186,383
154,346
124,695
103,308
11,995
60,782
130,111
108,437
199,276
148,411
152,30
42,525
43,945
77,908
153,989
179,966
135,204
146,770
36,134
170,342
14,994
24,317
197,145
89,470
102,170
118,1
169,152
52,905
45,309
79,83
48,242
53,448
24,742
63,158
176,569
199,384
2,489
41,353
26,483
141,704
101,716
55,935
121,685
97,852
119,724
63,782
25,397
33,326
196,958
35,410
198,335
73,840
173,748
109,612
101,547
19,356
126,686
190,994
151,28
57,907
156,183
197,241
95,371
88,514
1,626
154,770
102,937
20,662
59,142
128,193
12,217
78,446
24,348
99,670
47,436
39,292
80,397
173,841
124,36
67,982
108,184
42,408
175,530
28,477
22,355
176,751
26,672
104,823
4,165
82,132
148,520
99,703
117,12
125,670
172,412
109,790
14,311
109,265
190,650
30,619
116,515
96,800
122,730
86,865
137,996
94,115
46,435
137,778
99,892
173,82
39,8
87,971
182,605
67,203
132,833
158,746
117,446
13,476
73,41
32,889
126,472
94,52
154,703
95,259
109,346
173,304
197,839
7,556
69,184
76,366
107,18
115,333
77,652
10,611
29,366
188,38
137,757
102,255
45,87
137,97
33,745
38,649
127,442
71,354
118,706
159,250
188,841
135,583
118,42
20,335
96,40
38,624
186,654
26,392
132,743
21,346
164,768
78,433
103,23
48,974
192,264
185,669
191,905
21,857
111,989
30,813
50,585
67,311
158,527
139,875
63,711
13,384
147,485
56,779
112,282
192,706
200,191
71,514
172,47
155,409
47,695
73,280
2,417
54,20
107,673
34,282
69,474
154,810
163,326
25,227
58,19
182,333
57,66
157,295
187,730
156,847
118,603
108,651
153,337
139,399
122,953
143,13
88,349
82,355
114,156
119,875
191,511
54,546
179,175
173,400
66,413
9,677
147,991
21,647
125,575
89,86
54,766
136,379
78,299
193,323
116,691
120,31
40,640
150,171
160,361
145,442
107,784
6,770
73,570
191,503
61,385
138,135
97,622
32,100
102,224
55,114
147,297
46,886
41,786
200,753
103,564
105,361
193,223
108,923
154,286
82,789
93,646
28,681
176,984
163,781
163,326
129,549
137,402
58,880
104,507
194,476
74,846
116,161
46,410
74,4
137,850
86,782
119,672
45,700
26,393
149,669
108,998
108,421
49,652
8,634
58,142
157,635
129,83
154,585
188,419
6,333
157,256
43,583
161,484
176,94
95,24
191,616
168,399
142,524
50,871
42,469
95,741
62,180
121,960
183,944
52,331
34,301
17,916
8,212
148,473
118,251
176,618
114,248
46,997
119,513
165,114
155,858
85,894
41,251
119,740
18,8
192,34
175,694
105,888
134,482
99,73
107,981
67,905
184,551
31,733
199,622
166,547
183,25
113,493
186,62
75,832
102,849
186,788
11,373
103,734
131,645
167,451
110,807
32,107
38,868
68,777
149,772
29,740
44,376
106,673
87,146
63,815
124,216
68,100
85,658
178,76
118,921
182,504
193,251
194,267
88,303
177,456
85,807
116,717
67,582
71,609
10,780
36,152
134,296
7,227
95,578
93,731
75,315
184,163
146,650
79,487
183,451
173,302
40,762
178,132
38,623
75,880
99,264
164,234
8,872
55,598
78,152
150,13
67,373
185,521
191,892
133,416
123,634
44,996
89,660
40,602
129,322
134,384
97,887
125,664
44,892
135,494
45,496
98,15
172,970
17,351
58,317
53,230
39,285
156,797
187,809
31,666
51,366
128,471
146,935
164,929
4,861
192,867
135,920
59,760
52,373
171,34
103,642
26,975
85,520
18,278
142,985
137,867
190,551
21,994
15,458
146,536
64,251
66,817
190,188
177,959
167,879
63,234
177,735
117,182
11,624
69,566
72,94
191,195
188,851
17,928
34,536
78,63
54,234
63,600
195,596
123,476
26,550
14,327
163,75
51,490
30,453
22,488
51,103
139,604
56,613
125,308
146,10
149,441
29,738
114,797
165,200
151,826
163,630
194,468
1,258
194,417
154,278
127,647
46,337
130,495
132,291
166,307
68,889
137,255
88,282
174,575
129,317
161,451
29,775
47,500
2,327
131,482
127,168
46,68
195,443
173,312
25,948
114,351
164,704
138,843
47,199
200,112
196,238
55,315
129,313
82,785
136,484
27,702
77,950
157,216
147,689
40,332
41,197
197,406
44,873
41,625
170,161
84,980
133,486
168,610
107,799
186,276
59,956
68,484
78,380
38,314
86,745
91,850
191,323
116,316
109,577
101,781
107,6
196,963
104,57
105,363
166,825
36,999
117,786
71,20
181,208
54,678
184,263
76,853
96,25
83,438
98,334
143,574
190,205
56,633
129,451
71,110
20,249
42,334
186,492
185,608
121,975
12,800
169,400
177,983
181,499
64,287
156,601
97,61
26,58
164,351
71,551
95,449
73,114
121,138
192,76
84,794
188,424
39,895
39,604
77,588
52,576
23,449
63,336
147,560
196,677
67,571
136,837
75,707
6,144
198,789
18,892
180,729
190,322
93,927
198,457
192,906
55,189
83,480
59,472
93,342
51,694
181,266
66,619
192,956
6,144
31,658
106,438
102,826
125,818
13,852
136,62
132,383
5,580
112,33
130,895
84,810
138,504
73,589
86,650
18,753
20,579
24,998
143,800
29,545
41,818
132,867
23,588
120,625
167,196
193,75
197,701
111,838
71,477
116,911
190,156
167,339
19,187
166,590
87,465
136,800
178,758
111,911
6,412
148,301
2,639
100,20
3,231
83,438
39,266
58,599
173,787
84,546
118,670
171,206
198,842
148,948
91,915
184,889
148,157
49,792
38,212
79,186
26,27
137,617
11,799
33,554
90,978
18,336
81,951
59,674
54,207
78,168
109,278
60,959
56,791
91,28
36,899
113,127
97,27
114,889
191,875
190,214
98,51
115,450
103,204
53,790
98,605
32,96
45,519
149,742
133,125
42,775
54,124
126,759
155,367
192,325
107,196
54,93
130,369
123,262
131,115
117,17
2,390
108,410
26,364
93,969
80,857
17,445
167,308
59,719
22,667
165,830
100,897
121,17
71,748
166,919
83,47
37,868
64,182
145,10
33,532
40,144
178,482
196,40
16,611
54,888
190,677
76,381
159,425
41,430
45,179
133,989
39,760
172,186
94,901
29,806
42,31
128,209
79,414
161,383
68,637
83,30
7,340
8,911
121,36
189,893
37,936
105,48
139,387
196,613
185,538
44,162
26,16
90,919
58,95
108,68
29,992
122,476
107,877
138,451
35,878
155,829
164,1
80,488
121,922
66,132
83,673
139,375
158,685
184,99
123,505
192,852
147,201
33,225
132,133
37,231
169,85
191,98
184,414
73,909
158,108
64,232
65,190
187,676
78,337
182,998
119,685
152,533
133,592
69,779
34,336
109,384
170,149
149,755
9,766
99,648
13,814
51,187
4,147
163,35
61,166
102,331
3,586
124,496
89,193
161,891
148,416
116,220
117,637
68,559
113,121
191,287
168,787
132,947
87,346
48,262
88,827
125,791
141,468
170,99
172,877
88,782
133,270
17,801
94,437
165,27
140,130
25,233
118,850
29,124
141,730
76,130
89,315
116,447
142,963
22,990
130,187
102,840
131,200
37,861
175,228
199,18
51,752
191,363
135,616
200,156
145,881
136,538
13,820
137,372
139,236
178,970
136,171
96,163
26,697
43,651
163,880
159,232
193,734
39,554
157,435
52,286
13,983
103,304
100,923
134,996
108,916
122,480
83,140
185,961
77,1
20,258
182,570
172,320
54,946
188,628
153,983
18,61
194,421
36,148
124,843
42,783
63,401
41,662
108,401
152,199
64,855
90,73
58,987
71,144
103,127
186,758
150,968
173,156
53,455
37,689
71,779
84,12
164,121
134,319
135,106
198,644
154,483
60,677
113,306
32,555
191,625
117,158
19,902
194,933
185,350
70,973
11,391
66,116
161,478
110,600
44,898
182,709
125,777
75,231
134,106
23,750
155,983
154,886
93,248
171,507
180,987
111,432
15,654
27,886
198,287
186,751
71,927
65,656
131,337
108,683
65,366
22,14
26,731
125,249
150,507
57,606
112,682
69,107
200,847
182,500
144,622
145,385
156,532
171,392
11,617
28,605
165,977
26,590
25,121
196,245
93,595
173,727
155,432
101,736
191,41
89,663
113,873
118,588
134,39
103,833
161,763
200,443
172,930
7,222
146,186
7,646
85,102
75,943
106,822
8,747
117,870
65,368
175,353
91,997
64,284
115,803
13,333
118,716
163,270
197,813
42,215
143,790
141,664
83,759
103,772
90,800
45,865
128,878
23,342
91,632
138,758
59,325
79,104
185,93
164,416
81,637
128,655
48,775
98,208
68,877
182,498
90,346
113,918
93,773
41,983
44,331
5,115
49,596
80,931
130,718
165,574
76,775
144,552
46,408
159,713
20,204
24,93
183,613
170,415
68,150
184,349
137,363
102,137
99,107
189,835
76,629
146,995
22,332
58,454
11,252
141,159
171,281
7,507
58,854
178,225
63,897
58,451
166,832
56,149
4,304
63,988
6,879
157,495
113,425
143,565
146,197
106,191
133,595
103,643
148,910
100,765
67,724
94,823
68,442
95,374
61,328
139,366
20,982
178,138
83,881
180,253
138,593
33,99
130,726
122,549
81,108
155,234
185,357
184,719
166,1000
142,841
58,477
69,589
14,472
159,449
128,606
112,67
44,23
144,460
144,666
15,918
89,489
181,152
17,699
91,67
185,283
146,259
187,29
183,613
126,442
181,783
35,406
56,678
116,318
138,714
173,312
85,239
146,818
131,969
105,148
197,553
175,601
81,884
2,995
157,55
183,773
92,602
31,794
19,629
17,543
106,748
42,751
50,255
154,793
195,184
47,31
167,952
127,747
31,340
23,97
104,588
180,972
176,397
105,391
179,486
36,868
88,188
25,319
91,182
182,441
65,512
24,189
67,412
52,233
90,663
163,84
87,463
193,97
135,264
6,901
156,63
143,61
175,383
25,173
1,987
136,13
2,335
99,314
8,820
146,577
96,880
18,979
45,194
163,636
128,187
138,224
89,100
175,935
40,615
96,588
46,913
113,724
198,182
130,153
114,32
160,40
138,910
31,827
80,958
75,111
90,700
47,605
133,172
26,510
50,618
40,628
87,961
117,951
169,562
100,803
115,967
30,685
142,68
87,253
94,145
62,984
126,193
104,43
92,61
123,831
169,725
194,860
152,102
134,94
170,671
83,934
135,577
148,720
137,535
101,776
140,659
52,290
83,139
115,782
51,300
161,437
104,446
97,85
126,25
126,107
83,575
124,625
100,314
128,806
198,295
198,701
179,57
136,852
11,193
23,315
151,766
147,556
45,657
81,757
13,548
8,49
78,395
49,361
138,54
176,895
112,757
131,537
46,521
95,698
179,46
55,102
118,973
48,914
57,730
82,75
183,209
127,212
147,656
157,16
12,945
98,211
177,120
75,5
62,676
85,182
100,847
59,381
103,46
40,146
154,253
160,685
67,904
109,697
147,728
161,318
53,963
168,755
70,420
177,11
107,844
106,387
72,863
49,837
200,500
65,615
3,642
178,405
11,713
197,460
33,679
177,229
19,653
30,119
41,924
126,69
47,550
84,172
190,263
175,733
178,408
73,550
74,292
146,268
28,780
31,405
52,974
23,569
128,206
33,531
10,481
123,112
29,235
10,854
100,189
22,781
178,826
18,248
112,631
95,449
190,147
114,612
197,43
170,957
129,786
49,787
54,743
82,45
146,15
40,350
65,944
45,359
119,206
165,58
101,390
40,970
75,518
17,231
48,643
50,344
169,739
113,26
113,72
63,617
136,295
143,165
37,561
82,59
29,702
17,420
133,548
5,634
185,174
186,956
83,380
10,147
27,701
60,7
98,4
145,60
100,788
146,123
58,781
161,37
145,559
19,21
167,844
122,960
147,661
99,290
176,631
100,461
192,244
175,503
157,257
89,652
117,491
40,466
138,901
93,230
37,294
164,749
45,987
100,264
42,377
190,22
111,825
77,148
11,471
106,728
139,873
59,412
33,861
161,362
54,965
104,432
107,472
188,464
114,976
100,475
94,346
84,682
103,137
186,543
53,252
56,730
49,583
50,971
187,676
159,373
119,562
196,812
105,384
165,315
55,403
37,482
28,556
167,464
77,927
199,891
160,423
14,205
56,346
142,912
41,676
99,960
133,443
47,966
114,25
178,212
99,582
171,177
70,764
175,577
197,160
165,412
148,801
51,155
106,325
120,252
190,134
196,954
125,324
157,956
196,628
136,753
161,897
10,693
25,806
17,88
6,9
14,340
24,321
92,208
191,155
55,315
17,372
160,932
81,598
115,487
87,721
45,297
78,104
144,164
39,168
107,122
137,933
159,420
41,576
142,644
121,717
72,707
64,1000
30,680
38,932
114,100
194,41
35,902
98,485
98,489
44,786
6,601
177,838
93,954
113,599
147,187
115,916
6,994
126,970
172,581
89,907
87,88
95,71
46,139
160,308
174,404
39,114
172,202
163,329
75,729
22,364
155,819
127,17
160,913
152,428
44,374
65,197
132,287
134,926
7,502
82,928
43,54
167,245
180,314
68,460
111,346
11,280
192,778
169,470
169,83
86,565
9,134
160,11
189,588
5,310
98,205
121,390
100,37
178,689
70,714
97,344
94,823
132,875
109,417
182,351
34,966
89,737
67,566
50,501
73,274
22,936
116,941
172,87
171,936
82,883
131,918
30,24
33,826
196,110
63,77
46,383
17,158
147,821
61,798
23,885
20,10
186,14
189,827
88,892
159,73
40,597
161,989
118,647
85,805
171,109
157,125
15,722
36,205
191,949
21,191
24,736
24,4
111,811
176,239
54,52
184,82
100,329
161,543
50,488
51,726
127,620
181,191
121,295
188,693
152,886
16,454
48,520
2,82
46,998
51,270
37,900
139,590
49,717
32,720
195,78
49,192
83,775
59,167
102,651
152,304
154,423
130,656
74,224
110,257
89,754
62,544
2,671
175,258
73,773
42,67
16,65
127,353
188,62
159,774
111,82
173,783
184,457
4,763
173,91
82,603
198,939
93,715
175,621
174,983
17,583
68,745
82,462
92,761
123,380
128,308
196,501
81,560
191,195
59,602
44,44
177,362
105,477
119,333
104,475
119,464
40,146
189,769
99,430
7,895
36,808
82,391
162,153
103,375
4,445
170,928
45,155
152,969
48,223
25,17
101,484
39,278
87,203
6,510
101,163
78,850
141,285
59,195
125,622
186,512
111,446
41,500
171,62
91,985
28,69
83,723
123,623
75,145
61,532
127,823
56,427
126,14
79,647
41,347
162,319
176,634
110,627
32,614
34,543
73,350
186,383
177,885
33,379
145,994
122,65
5,458
95,428
64,215
84,705
60,932
81,650
122,806
72,569
88,592
85,716
50,924
33,989
83,801
162,587
59,726
152,625
61,833
64,501
145,482
5,321
131,902
25,394
193,152
160,330
21,542
126,474
155,923
187,273
18,461
100,797
50,811
198,283
183,147
94,869
200,61
122,253
58,649
1,336
92,845
159,495
144,150
70,980
82,497
81,620
138,205
166,193
153,620
31,303
188,63
189,907
50,537
130,290
64,810
97,434
180,839
3,306
67,210
37,304
7,30
167,660
196,432
21,378
120,795
38,458
161,392
143,161
153,455
195,322
28,960
71,467
71,203
181,622
117,292
42,601
33,331
5,127
14,889
84,566
123,378
37,323
185,385
141,27
161,445
166,332
102,183
84,628
195,36
165,290
83,580
194,583
11,905
131,58
186,735
183,136
128,66
18,144
39,105
134,168
183,241
24,773
93,996
92,347
21,423
88,769
18,505
103,559
16,538
107,658
102,712
40,562
23,834
54,460
41,119
196,934
67,233
62,58
166,700
143,25
14,659
179,231
123,44
11,225
195,239
40,978
36,513
82,331
100,775
163,687
102,20
131,784
75,505
7,686
183,714
107,564
18,42
52,604
10,214
59,597
126,8
90,719
21,596
95,522
43,407
55,156
138,8
161,763
160,289
69,570
96,524
100,164
52,773
156,263
86,201
84,920
67,403
31,667
74,463
8,457
155,991
167,688
132,789
104,210
48,116
11,397
28,761
53,205
195,584
189,766
77,853
177,691
55,908
152,838
78,370
119,56
166,642
59,581
65,223
131,25
80,13
56,850
47,882
86,212
128,970
185,398
185,336
118,401
155,772
43,943
126,492
144,612
74,815
171,878
64,80
158,110
1,874
8,635
13,878
3,970
71,953
1,311
114,391
187,582
41,100
14,377
56,662
49,995
109,760
96,78
72,428
168,23
77,789
9,921
31,310
37,270
117,953
53,124
163,763
175,812
8,902
122,179
4,116
23,743
61,467
149,712
143,280
70,24
180,577
123,65
188,709
40,221
17,408
174,387
8,39
128,443
120,423
45,997
4,591
12,673
17,983
198,898
72,727
73,737
123,208
69,25
172,279
49,241
177,459
1,666
12,895
145,856
112,573
180,501
60,733
191,49
74,373
23,613
95,468
121,558
42,383
169,924
96,744
142,554
38,329
189,655
89,417
45,595
103,382
120,356
197,300
38,834
173,770
127,692
139,418
93,985
111,89
155,260
36,341
92,661
120,462
193,553
175,169
11,352
130,941
161,149
154,350
139,648
191,164
147,143
53,845
178,406
21,844
108,902
29,514
140,43
134,107
148,5
66,957
141,681
43,758
59,701
182,807
86,501
30,334
188,857
96,562
102,536
169,840
101,225
148,360
192,418
177,770
28,232
164,660
117,160
178,917
193,193
184,1
130,820
28,508
37,938
19,712
79,248
194,416
78,846
54,555
164,99
49,25
5,32
76,124
54,191
199,697
19,69
65,464
31,433
92,678
104,11
179,612
77,352
100,384
54,312
110,635
151,942
123,651
158,608
11,696
126,33
128,328
90,32
66,718
122,882
99,771
138,789
26,433
177,602
159,902
90,972
176,503
7,390
10,986
125,778
23,487
65,557
24,85
63,742
184,647
25,466
98,768
87,248
155,481
9,331
80,566
199,721
116,222
158,421
25,11
176,132
152,884
173,800
8,958
130,456
18,515
47,475
71,714
145,398
138,670
186,50
65,600
31,715
133,503
45,924
116,301
42,41
75,616
85,437
29,704
40,992
20,204
124,498
64,6
100,795
191,827
168,928
46,792
97,45
78,188
58,349
175,598
127,235
183,456
180,971
30,104
43,143
34,759
155,577
7,449
128,376
179,441
6,726
135,920
178,378
163,557
28,429
122,35
72,447
143,719
109,69
17,90
68,899
171,367
122,411
130,942
63,929
36,124
7,166
23,585
48,681
51,457
169,560
96,571
68,490
18,995
169,190
150,424
30,574
11,238
52,151
77,137
192,719
101,12
96,62
131,808
4,116
135,682
69,600
136,10
78,902
36,328
63,882
123,821
55,194
170,487
123,491
55,102
45,398
142,649
161,555
19,150
171,131
131,149
195,70
123,526
19,580
43,253
161,772
106,860
161,371
58,848
68,417
16,771
111,44
83,800
102,29
50,688
186,954
96,401
116,621
58,767
33,491
158,973
131,911
105,662
194,651
41,248
154,534
74,510
198,77
111,615
8,428
17,576
22,722
199,150
198,657
11,379
72,403
72,476
167,827
88,311
138,620
84,942
79,876
121,524
125,396
194,893
177,604
178,574
175,620
154,677
147,141
121,346
24,709
126,999
88,546
133,632
162,65
65,645
69,957
70,896
74,609
132,234
81,950
83,929
62,580
49,357
79,197
86,531
174,422
72,271
154,435
172,675
49,787
157,912
36,822
198,705
76,195
176,703
93,730
139,567
83,210
119,596
134,178
31,742
186,898
75,654
64,211
154,809
163,851
87,188
166,830
128,384
63,402
124,735
70,955
146,471
138,350
38,261
156,74
65,128
97,833
141,403
1,69
49,832
66,951
127,466
141,598
71,524
146,431
51,273
14,438
161,502
153,111
122,448
100,321
31,144
47,126
93,779
14,43
18,285
28,562
138,275
33,803
25,948
191,704
109,210
11,913
170,581
16,11
29,346
160,737
71,292
111,247
60,226
159,619
147,770
69,951
142,363
61,156
6,567
150,325
196,226
44,826
99,209
139,632
5,978
42,94
147,759
158,998
70,829
125,128
25,253
105,227
62,471
157,170
45,940
57,287
28,4
62,688
79,446
149,882
154,870
99,457
55,238
26,868
21,419
183,455
114,154
190,910
99,872
158,769
98,24
139,784
70,211
173,504
112,809
135,351
83,22
128,520
158,398
114,622
53,382
37,721
20,616
179,700
97,173
104,213
56,322
91,415
71,255
184,298
60,389
154,899
121,984
7,703
145,250
166,715
17,464
183,820
6,399
147,354
93,391
6,503
112,742
115,932
109,92
112,262
90,235
69,376
67,491
41,173
57,875
150,661
133,614
136,830
51,867
10,391
94,50
195,235
24,725
41,95
158,713
142,52
65,82
135,955
66,464
39,301
37,880
112,286
48,235
105,320
43,534
18,238
24,636
14,587
168,802
190,181
74,562
121,965
109,917
43,242
5,828
51,618
183,79
18,792
26,276
46,547
32,798
119,567
195,378
186,184
40,547
48,252
3,334
44,785
70,526
6,513
130,917
15,404
35,172
13,481
40,867
34,248
156,855
95,588
72,474
63,466
45,728
29,731
64,166
164,621
194,44
18,387
35,1
74,472
136,819
126,694
194,405
141,555
186,414
135,478
166,966
134,363
156,592
184,858
192,415
193,258
135,960
105,171
129,879
128,130
10,212
19,615
95,863
77,119
155,926
106,392
97,307
96,25
81,499
51,769
5,221
112,794
164,769
38,461
152,810
195,768
36,665
78,406
63,146
5,923
59,926
113,259
125,409
120,730
120,381
53,475
34,426
14,252
38,919
164,945
26,303
96,55
90,477
99,909
168,894
111,80
154,302
91,841
132,565
123,42
123,70
91,340
50,318
130,170
3,104
38,763
183,576
70,62
7,522
56,646
134,381
7,460
104,343
157,472
89,637
84,292
95,53
133,600
32,905
113,777
125,444
196,527
10,683
200,562
187,767
145,519
18,992
40,956
97,339
170,732
113,750
185,651
69,148
37,781
51,96
158,394
71,404
57,43
12,311
4,977
35,200
108,583
50,428
39,438
141,582
66,939
54,1
17,168
10,272
187,495
17,225
120,938
43,948
173,506
30,82
172,471
88,632
187,382
121,979
67,591
143,562
190,339
162,681
84,540
40,684
175,856
184,604
134,699
72,826
153,797
63,232
6,445
124,279
85,963
131,308
128,997
186,415
14,975
152,308
66,110
38,569
58,865
57,902
64,476
40,949
26,715
139,518
93,423
191,410
108,581
85,307
21,249
42,639
124,972
170,68
199,322
15,447
104,835
111,158
107,485
8,342
95,122
79,242
125,901
126,951
102,603
55,416
111,870
61,294
63,626
43,345
41,613
84,608
97,874
22,104
22,85
189,9
39,554
110,505
24,957
179,664
39,53
1,483
46,34
35,299
94,696
176,941
180,366
171,586
23,42
43,915
80,339
26,40
150,85
11,630
1,842
50,809
44,919
101,844
126,111
69,608
75,631
135,74
157,292
36,67
119,621
67,162
165,795
180,528
25,509
156,230
177,291
9,403
87,681
42,712
122,830
116,368
131,314
76,670
181,835
103,429
61,814
80,683
84,216
62,473
39,721
40,38
21,61
151,897
31,152
28,460
33,153
186,76
73,789
86,705
82,594
62,736
124,446
105,126
165,685
172,566
187,602
78,960
182,215
122,672
9,373
41,401
50,354
17,51
9,862
65,399
48,833
128,475
169,990
102,803
182,884
83,461
35,836
84,764
182,433
169,323
193,581
180,189
2,891
43,978
65,426
24,499
86,152
11,906
36,246
132,619
127,981
72,930
52,739
47,428
10,790
3,647
93,729
88,820
158,382
87,3
27,495
198,845
129,207
55,152
86,697
169,879
189,762
130,281
136,401
136,605
157,949
157,202
112,789
188,820
11,466
185,606
141,298
138,774
117,46
73,341
5,418
151,643
17,486
107,952
119,937
156,586
60,946
81,855
152,229
116,272
77,913
167,873
10,837
59,685
149,261
102,272
2,544
59,42
57,975
116,245
102,3
111,49
20,822
71,549
140,963
107,17
129,890
188,814
197,656
79,788
154,680
14,509
149,219
137,678
142,295
200,119
61,948
100,575
186,337
46,559
168,206
4,702
110,82
85,663
63,970
123,22
26,133
192,749
67,174
169,300
172,264
107,166
110,209
187,168
93,100
196,955
74,317
139,709
141,655
18,79
40,895
32,874
1,977
62,68
200,789
195,968
70,989
46,117
196,463
87,125
129,785
200,548
120,524
32,493
172,630
72,805
22,365
24,362
46,398
49,559
65,743
5,933
159,824
197,89
17,167
38,351
42,535
177,548
50,491
194,647
90,31
88,874
100,812
194,443
27,827
132,795
104,218
43,195
159,653
124,793
151,766
179,69
191,233
169,957
200,507
143,790
118,397
83,658
95,204
11,38
116,193
1,585
91,18
171,957
96,665
87,426
192,858
2,993
81,883
119,88
35,864
25,609
134,575
197,120
152,140
122,507
142,565
186,780
88,123
160,831
9,806
164,325
63,320
138,842
109,301
10,880
28,57
77,681
36,713
67,836
98,157
72,349
106,77
136,373
20,511
79,757
77,417
6,27
73,336
48,729
24,891
36,954
135,618
154,873
26,372
30,98
68,787
86,326
32,188
148,218
150,820
21,238
13,284
80,862
195,564
194,555
21,832
183,563
148,892
177,560
77,929
142,674
77,103
104,771
11,320
108,96
169,342
69,759
14,141
18,97
151,5
28,913
123,44
121,829
93,416
139,110
68,163
152,963
144,917
64,84
86,173
48,665
146,718
27,646
5,482
56,747
182,130
44,756
175,522
62,418
2,698
134,897
70,591
187,795
49,505
141,244
16,441
55,628
171,398
50,845
136,300
89,140
104,998
152,422
149,295
69,256
158,877
32,724
108,262
166,620
128,2
30,416
152,196
192,260
177,132
148,189
165,595
31,991
172,255
34,729
11,237
64,763
12,749
19,701
102,137
56,284
29,589
1,668
54,735
29,850
179,15
106,110
88,212
115,148
38,742
166,805
32,890
95,333
106,388
169,532
175,282
114,680
52,879
163,150
53,399
91,193
171,879
170,249
126,501
71,448
13,259
1,444
119,163
16,801
16,767
118,537
75,209
106,114
74,145
73,287
46,437
197,15
122,805
196,543
17,601
117,357
78,660
58,461
52,705
71,860
123,987
100,277
42,492
57,449
35,18
200,241
166,498
99,225
142,522
165,957
38,113
69,739
95,535
66,707
26,279
169,529
80,765
104,21
17,581
28,248
73,259
63,776
172,954
143,877
158,589
136,944
47,643
128,542
1,153
6,336
197,707
198,568
108,582
88,2
124,199
48,112
188,314
185,783
109,258
179,824
70,601
52,644
103,686
155,579
145,366
25,390
121,640
51,912
63,333
12,879
87,366
121,778
62,546
86,505
59,442
144,17
177,79
27,579
36,237
106,888
12,210
120,423
137,757
19,106
175,1000
141,452
184,139
57,756
55,224
95,100
10,263
3,941
151,419
31,288
165,603
116,915
54,96
88,946
61,627
31,96
65,811
154,550
192,645
195,247
12,488
177,284
139,172
169,776
179,747
2,949
126,837
56,815
106,909
85,103
23,516
150,235
148,285
1,438
179,358
92,772
116,570
179,169
7,757
25,643
147,22
171,282
50,177
41,240
189,47
188,184
51,848
54,203
34,303
118,63
170,461
58,634
35,33
31,744
186,210
94,643
194,902
195,307
176,443
40,705
17,854
41,486
97,8
44,384
9,546
45,701
108,112
22,783
41,217
19,158
107,112
112,235
180,833
43,273
183,533
183,569
174,544
152,921
150,338
116,162
153,546
170,581
56,977
115,436
45,626
114,286
81,267
156,220
188,818
198,856
6,201
104,303
97,792
138,477
24,896
149,119
178,130
14,236
189,718
137,973
29,574
123,405
167,595
183,756
35,55
133,185
138,897
60,819
33,247
13,521
156,557
19,248
138,566
22,348
135,551
24,266
67,341
141,140
46,46
110,503
53,144
57,716
163,92
133,152
160,453
19,433
185,650
140,83
189,779
83,472
43,698
71,868
87,31
9,784
3,799
7,794
171,708
7,884
186,32
22,331
43,776
191,828
164,600
21,85
177,195
124,976
26,450
138,664
96,59
162,767
155,27
185,154
91,321
98,689
30,814
130,662
75,771
75,268
41,88
140,833
38,615
172,591
139,489
74,503
134,933
197,79
39,180
196,296
129,637
11,322
98,481
11,520
112,479
7,46
154,51
1,678
67,908
63,387
89,652
88,91
93,742
133,282
136,154
104,387
145,126
61,423
39,817
69,524
59,330
95,678
13,375
80,842
44,804
148,385
187,43
142,732
11,641
121,55
105,213
62,421
155,877
158,572
118,633
91,806
5,791
160,798
163,976
135,190
33,67
16,275
13,951
32,887
101,259
136,128
143,938
136,757
2,268
161,751
67,986
165,182
141,972
122,511
64,529
50,388
184,783
49,542
166,66
103,275
63,159
173,68
37,714
103,634
174,303
186,175
134,586
166,686
171,749
79,418
77,163
6,249
108,775
184,134
95,740
186,866
136,442
55,107
80,984
200,258
22,474
11,842
100,299
162,400
41,364
193,383
194,298
11,192
104,808
59,739
173,378
88,557
175,192
76,197
187,24
172,87
121,387
79,422
72,884
75,526
148,984
136,518
6,791
58,749
28,378
62,570
179,513
133,183
71,340
186,996
35,477
157,852
179,64
173,705
88,39
75,704
164,59
75,245
53,939
56,214
196,844
91,199
135,264
151,323
182,126
102,746
57,827
37,826
27,93
25,729
154,466
135,478
185,900
32,558
13,622
51,247
152,94
162,696
51,505
56,138
104,660
83,232
11,904
105,876
9,741
20,980
22,941
193,627
195,518
128,777
84,399
25,473
129,879
105,798
142,738
135,914
3,11
48,214
7,831
8,601
28,343
200,425
29,563
33,858
153,537
4,251
177,387
86,484
164,720
128,271
187,291
153,123
186,930
107,939
1,904
159,697
55,402
95,625
89,138
15,79
80,619
19,828
32,892
135,655
198,589
74,112
139,300
58,237
102,543
123,352
7,601
36,775
105,200
44,835
186,162
56,622
155,518
38,76
62,463
71,344
87,429
20,95
66,957
10,713
191,878
188,302
34,533
138,418
192,44
94,646
6,797
87,244
127,959
102,439
112,990
191,48
133,711
25,120
192,132
110,800
5,962
11,967
50,896
15,533
53,370
100,408
156,91
196,28
99,158
176,467
19,329
191,218
26,976
45,787
56,261
88,365
14,838
111,522
141,188
112,586
28,498
161,868
125,435
196,575
165,925
37,637
54,538
68,298
192,987
11,119
62,312
142,6
136,459
200,199
88,306
61,489
171,935
141,755
136,140
105,48
55,240
166,384
158,742
32,55
27,684
95,463
177,711
5,621
13,520
95,579
149,725
17,823
75,293
147,187
5,732
116,262
150,827
43,413
194,613
181,587
160,966
161,431
197,640
147,828
97,891
200,673
76,851
142,658
155,778
154,764
187,693
174,780
117,92
134,303
38,549
94,594
99,653
146,255
38,339
145,106
76,22
198,513
80,584
159,812
50,977
45,912
49,111
48,860
200,827
58,302
200,145
199,993
111,414
145,574
15,418
160,717
6,572
122,159
102,656
31,469
196,428
8,658
114,179
192,222
80,576
186,234
134,622
57,334
172,679
155,930
93,666
63,921
134,142
169,919
144,776
5,857
73,848
1,919
89,984
105,909
170,121
37,924
178,580
157,445
88,31
141,824
38,416
152,782
92,558
174,151
112,677
69,96
141,392
147,388
89,417
162,75
56,16
144,494
110,101
173,851
176,904
38,785
49,827
136,322
147,345
193,124
65,864
50,796
69,409
139,153
62,602
198,319
131,279
161,921
11,876
8,853
43,490
193,230
1,7
171,873
132,445
154,401
100,65
15,120
196,397
129,207
20,84
172,198
157,343
7,50
17,385
136,58
157,664
72,83
76,645
156,75
189,330
14,465
105,793
46,884
162,535
51,893
150,973
114,658
106,643
37,52
187,378
57,653
72,277
5,918
127,452
114,614
73,401
42,60
183,966
115,907
36,744
104,782
106,688
34,611
36,353
5,569
24,764
126,743
161,846
122,945
99,946
13,165
145,717
155,69
197,797
68,24
102,960
135,691
137,270
18,994
50,204
52,465
60,92
34,978
81,367
184,953
44,208
89,938
103,112
120,558
21,476
3,210
43,695
27,81
155,168
1,389
29,225
193,433
61,845
132,686
82,136
120,508
140,588
89,386
32,195
56,459
20,913
171,559
76,315
68,607
13,744
44,886
149,331
13,145
102,302
131,45
25,442
71,292
14,243
116,210
175,257
27,408
121,548
28,950
37,927
119,759
128,684
132,175
48,77
4,854
42,655
24,900
126,916
151,550
47,105
161,199
67,532
108,176
147,560
88,753
126,804
188,704
156,449
60,777
110,888
60,896
139,249
30,869
132,182
140,698
82,419
8,347
59,587
193,461
190,24
127,805
180,603
140,737
163,439
104,698
31,465
123,717
16,413
128,242
104,531
200,827
38,881
4,374
196,3
97,554
37,87
169,861
44,185
58,645
90,336
173,164
23,403
174,895
169,375
4,796
86,553
115,960
27,704
68,415
146,154
188,75
134,667
198,960
45,75
147,143
84,582
102,993
117,774
153,978
11,571
152,548
198,699
69,241
111,639
156,555
74,803
140,889
5,976
41,130
10,872
85,818
9,975
155,709
187,236
170,862
139,444
185,613
184,709
65,520
75,664
34,306
156,346
189,625
132,567
162,68
166,87
73,356
116,642
140,520
118,986
193,935
10,712
168,452
24,366
46,241
140,412
115,400
123,201
139,788
169,192
7,957
158,463
71,390
200,80
158,66
185,643
170,997
119,507
157,545
127,394
139,154
160,589
112,518
128,736
40,858
34,328
133,591
51,506
192,40
165,545
82,698
135,1
103,659
48,699
161,812
61,378
14,713
69,905
8,680
93,774
100,391
187,635
85,703
117,583
10,32
173,128
43,287
139,181
200,765
88,873
96,275
65,187
135,403
118,608
101,201
36,362
157,302
48,654
64,650
35,700
137,758
148,868
69,809
101,851
57,888
50,560
147,957
27,349
104,169
67,82
176,697
84,192
137,780
87,740
124,183
88,399
43,992
148,176
104,969
151,227
178,228
88,543
156,801
176,379
27,229
130,109
144,728
101,379
94,27
166,502
133,270
99,973
144,333
5,625
83,775
125,792
175,295
67,230
2,199
79,644
160,123
173,916
132,845
148,77
29,936
124,614
124,169
13,204
134,854
181,342
149,242
69,813
10,89
94,216
101,315
23,334
76,465
28,335
84,208
28,222
187,178
94,635
55,838
108,488
187,867
135,100
61,818
110,459
82,47
5,983
159,273
39,714
165,822
28,291
198,812
23,37
199,363
46,468
99,631
136,971
32,713
152,537
122,575
16,620
188,855
34,776
123,7
70,370
34,241
132,540
143,878
197,357
103,167
36,958
85,571
199,439
107,60
84,885
198,598
130,426
194,461
138,453
72,306
43,142
127,724
87,523
87,759
172,287
139,648
87,751
151,433
94,816
82,807
183,862
158,295
46,515
33,312
158,933
31,991
22,832
178,439
86,27
35,955
2,904
11,44
40,821
79,382
164,236
151,663
60,75
61,135
165,899
30,819
84,890
82,71
54,6
83,349
124,35
134,209
163,649
109,569
189,187
175,103
73,311
73,872
134,538
158,393
99,601
159,734
126,148
128,987
177,960
57,434
115,921
164,808
113,737
75,659
106,154
192,7
34,376
132,757
181,172
95,295
54,973
18,539
56,825
45,725
140,828
28,755
35,195
17,130
52,622
37,900
166,8
161,313
160,95
16,387
190,9
24,533
63,426
68,502
41,209
184,567
119,354
7,546
43,786
121,414
133,724
23,682
117,182
47,922
90,492
119,329
67,765
93,576
161,273
124,139
98,159
147,965
9,334
37,634
24,524
199,876
172,760
117,392
169,568
62,748
27,402
14,563
47,736
113,984
31,661
121,180
17,469
176,221
51,454
184,746
56,949
145,672
150,990
48,980
8,334
47,177
40,591
146,932
158,220
190,422
44,979
26,751
110,819
84,674
150,78
164,311
61,567
141,148
61,919
43,333
168,373
180,988
63,809
148,877
139,209
82,570
79,274
107,126
126,743
166,475
189,762
127,225
42,828
101,297
64,965
6,585
86,268
65,592
199,511
157,733
186,120
47,915
115,619
150,450
1,192
147,179
113,72
42,57
85,253
171,923
153,480
195,540
128,737
29,220
126,725
84,142
149,975
143,969
133,249
34,153
8,832
173,771
26,138
94,407
187,810
186,884
14,562
49,178
10,905
12,272
195,568
126,622
176,907
120,532
129,519
146,449
90,701
54,710
190,740
181,900
96,684
132,366
48,243
164,548
101,947
16,818
193,810
197,42
52,18
72,310
61,945
100,661
21,835
147,876
147,329
29,472
18,356
42,977
54,893
187,585
24,24
200,153
165,592
43,798
187,965
151,768
90,680
7,95
78,204
123,284
168,889
189,524
50,59
157,844
51,934
2,591
107,482
22,216
176,608
128,96
156,991
30,149
102,50
163,155
188,156
30,213
41,121
176,947
180,984
118,420
120,771
170,143
14,118
156,790
191,690
23,119
29,392
104,108
34,936
47,43
31,633
185,33
115,140
186,352
170,761
136,779
113,955
64,203
160,765
187,220
10,301
147,198
111,390
87,214
138,14
170,184
117,667
171,831
78,796
134,107
39,783
73,181
26,93
73,24
143,700
102,641
135,144
87,881
3,591
171,335
35,154
153,294
97,132
5,861
152,199
180,868
94,991
90,739
98,860
17,830
190,754
168,2
55,733
171,583
153,354
33,798
178,598
128,844
5,795
25,235
117,122
37,283
49,435
92,563
84,553
94,397
79,781
34,218
7,266
20,910
191,798
40,27
37,494
14,433
32,371
158,166
123,237
143,507
72,62
43,614
159,63
114,737
185,988
22,442
110,883
152,23
106,234
34,130
73,544
167,968
28,351
82,268
41,848
176,647
165,8
57,719
182,888
74,34
64,61
32,18
158,372
104,980
128,578
197,656
116,378
109,915
79,638
17,380
114,605
174,798
90,381
73,436
45,969
64,258
123,862
28,141
65,473
112,3
29,46
143,61
197,122
132,126
10,213
7,826
189,812
106,568
59,103
116,409
71,782
24,501
42,434
133,44
140,14
133,100
187,687
94,459
28,152
152,32
185,111
88,722
16,475
22,201
131,44
105,464
27,253
14,474
183,235
86,82
13,833
74,370
136,977
71,504
77,205
103,180
30,721
51,26
5,579
112,187
90,545
136,693
91,458
110,721
110,611
65,509
8,210
31,575
2,342
51,688
199,206
156,413
41,843
113,945
66,859
112,911
101,448
39,81
91,600
17,538
62,851
36,717
122,20
9,59
69,413
107,436
26,319
85,642
151,26
194,70
30,52
115,603
125,683
120,128
65,39
6,767
168,269
150,242
140,787
142,70
184,577
194,717
182,647
179,277
147,4
81,256
171,725
17,325
45,44
66,626
156,514
10,828
151,305
166,851
154,842
128,952
102,803
156,542
127,655
58,664
17,204
119,605
113,702
31,834
107,392
155,570
192,300
27,421
98,979
26,153
56,497
74,976
13,497
123,585
69,255
60,851
45,781
83,448
47,216
189,706
132,686
152,610
75,597
146,934
30,626
115,827
4,69
183,843
68,170
111,869
170,143
7,220
120,53
132,472
139,865
44,109
23,421
15,862
41,677
171,676
8,646
170,643
67,98
140,967
22,241
95,701
180,769
158,586
132,610
130,907
200,599
115,923
38,919
29,86
114,986
6,749
138,516
161,602
75,951
170,521
8,835
19,994
140,951
103,916
67,312
137,142
42,777
31,463
92,535
132,756
60,585
113,996
130,383
113,955
3,553
45,64
7,266
139,48
108,486
82,485
171,96
47,863
49,390
145,88
77,610
104,94
196,664
172,87
41,524
128,691
152,277
43,615
172,434
144,926
130,155
119,744
193,402
149,966
172,953
123,681
163,52
69,45
151,364
59,731
31,265
23,810
149,434
29,364
110,46
127,922
142,658
64,182
125,291
173,916
177,567
143,230
86,741
97,363
28,798
118,595
169,687
165,408
47,300
164,47
155,949
108,719
164,290
157,386
99,560
64,738
68,959
157,440
7,273
116,524
80,156
17,455
3,157
144,347
27,396
37,164
92,594
195,249
162,417
71,556
140,129
1,515
147,984
200,228
69,548
103,546
179,514
59,629
11,902
112,141
67,405
123,155
193,540
114,617
148,70
109,23
160,854
17,92
77,76
55,850
29,601
194,743
64,367
170,774
154,656
42,841
53,732
105,111
60,219
122,737
105,916
1,350
48,255
12,941
66,329
143,524
25,411
86,799
180,23
43,369
72,769
78,508
38,269
32,632
25,440
82,666
9,894
50,714
75,281
8,807
146,427
103,866
17,482
194,759
124,919
192,67
198,529
33,717
67,609
138,587
193,560
162,43
140,555
187,3
103,473
142,149
25,279
21,454
70,424
133,869
27,807
58,860
84,638
48,942
101,642
97,970
68,560
109,632
170,552
159,825
64,716
149,406
179,634
141,451
80,953
130,391
146,320
177,914
24,336
88,603
67,322
169,51
29,128
158,139
185,614
174,185
15,866
176,800
123,370
64,714
98,911
178,46
90,117
19,486
21,433
175,746
16,233
153,551
193,790
143,827
102,213
108,322
64,421
182,664
33,103
132,594
67,336
96,614
15,389
125,8
13,26
153,672
167,587
78,827
35,306
136,995
149,257
46,49
76,943
97,385
175,886
71,805
190,883
143,629
112,442
128,421
13,335
112,269
42,15
80,323
109,886
94,502
194,454
88,551
8,585
116,802
79,787
82,988
57,197
130,825
156,30
109,134
63,878
95,265
104,897
98,803
34,875
163,189
198,429
87,718
75,56
28,407
162,343
155,623
89,235
14,10
178,955
173,436
42,877
48,122
45,156
76,186
196,818
116,439
123,711
169,486
80,411
35,783
81,628
18,400
8,107
21,182
72,727
26,95
96,933
129,835
65,547
133,655
100,62
2,779
138,16
28,486
151,529
102,493
183,507
144,131
51,896
21,178
148,610
92,455
4,954
70,457
35,736
105,812
68,874
43,654
109,78
38,748
29,942
43,55
53,542
65,235
189,778
123,351
59,441
89,714
151,748
99,888
193,546
13,473
142,359
163,173
95,272
132,180
80,131
32,688
143,712
193,239
129,333
65,371
193,973
69,49
9,693
110,261
79,669
95,293
167,479
87,758
38,891
51,866
20,115
36,968
50,158
183,459
74,789
138,630
196,755
188,504
175,963
159,752
22,462
113,923
199,408
196,212
63,681
76,661
165,695
191,171
126,174
8,197
143,552
98,702
44,840
19,920
122,363
183,13
168,556
16,821
18,622
100,986
64,847
11,262
85,732
163,200
9,396
156,812
59,333
185,559
129,850
38,274
160,916
59,339
59,903
79,13
10,879
180,807
163,759
27,528
18,733
102,452
122,518
74,527
18,863
109,354
45,286
66,261
172,979
93,268
68,438
14,846
137,216
137,901
93,705
17,487
155,635
56,462
181,804
142,110
4,658
176,667
194,933
186,686
83,247
165,611
32,151
138,468
129,525
170,262
138,753
99,824
160,582
149,436
151,541
132,796
40,907
196,708
154,63
79,323
124,593
180,137
123,108
71,860
116,698
36,260
97,239
10,830
23,883
187,613
139,766
98,728
65,180
69,136
53,852
143,665
58,607
116,167
134,242
61,582
27,155
29,662
169,563
128,31
101,943
41,967
146,216
45,530
132,947
13,729
148,571
55,172
38,125
12,836
30,16
48,236
45,911
1,17
17,709
134,396
119,445
98,118
12,932
8,521
162,612
172,889
143,942
174,493
184,396
32,12
141,86
76,194
96,393
24,296
16,940
186,241
142,297
82,666
63,657
22,604
131,774
13,806
124,283
108,802
193,785
141,657
36,200
81,317
105,888
151,324
174,810
26,36
1,204
188,792
5,469
193,414
47,4
95,837
72,967
85,976
191,603
98,449
20,340
6,925
177,48
112,444
172,400
109,276
24,76
4,927
166,403
95,307
23,726
24,721
58,289
1,828
115,555
83,103
103,629
152,276
198,634
121,43
134,630
4,377
198,576
195,200
111,430
141,208
76,568
37,387
137,744
146,579
160,415
41,398
156,471
4,541
60,553
111,572
143,533
163,580
31,484
136,699
170,657
125,801
158,75
94,32
95,823
152,440
47,372
117,865
20,584
117,919
97,24
178,609
61,130
6,966
23,136
111,903
180,783
92,466
162,535
148,573
48,390
4,310
21,567
2,780
147,378
36,964
19,803
119,370
86,523
81,995
31,472
125,468
75,724
24,688
192,142
125,304
99,617
48,803
20,99
139,690
166,565
38,288
24,624
183,607
104,963
36,447
69,182
42,145
155,966
123,343
132,602
20,461
14,831
182,903
68,739
188,376
69,939
34,108
142,355
175,301
96,498
12,327
112,799
130,130
1,866
148,145
33,865
94,509
1,728
148,19
188,51
17,648
103,225
181,921
88,420
71,974
14,471
44,217
35,286
121,182
129,167
144,626
84,909
185,907
72,6
15,92
125,533
167,969
133,188
42,706
68,735
116,247
24,140
108,75
100,965
139,947
198,383
2,494
17,61
90,966
144,657
179,772
16,94
30,589
96,999
1,626
46,865
119,908
28,836
169,89
81,191
110,83
192,902
12,762
93,233
113,55
146,140
52,45
9,474
19,830
111,608
81,697
4,5
124,263
180,850
168,89
130,588
80,576
183,336
179,301
59,831
166,145
146,535
120,424
152,569
147,219
106,353
34,610
66,286
121,785
30,424
188,91
160,813
185,528
37,486
52,825
80,831
138,85
55,924
198,743
199,73
10,265
86,47
40,361
199,575
170,626
104,228
176,188
18,480
76,219
187,369
113,263
135,783
62,346
39,431
136,62
104,883
70,559
112,40
191,440
115,199
151,562
57,735
65,913
77,954
139,516
50,561
78,991
46,326
59,392
162,993
77,416
36,554
13,339
86,55
115,836
114,950
71,722
13,403
93,460
159,344
91,82
94,984
102,164
53,579
47,747
3,609
9,554
86,924
197,333
28,44
127,645
180,317
188,29
171,615
27,911
60,103
22,103
119,798
130,964
100,98
154,704
5,146
85,825
76,722
114,699
100,56
176,720
46,173
163,25
104,735
159,380
60,323
69,716
22,699
46,1
22,683
35,187
113,923
81,804
145,366
16,11
41,881
107,778
180,942
13,81
82,114
87,220
185,953
47,929
89,990
168,703
176,603
67,451
163,912
159,348
9,449
73,45
127,103
196,454
181,196
34,475
153,564
13,954
91,726
191,605
173,375
165,29
60,683
193,850
17,50
3,403
74,981
174,637
56,994
78,792
185,13
53,707
149,122
1,285
90,130
9,900
55,439
12,519
157,716
195,292
17,74
139,308
161,629
25,979
57,670
87,902
158,632
45,983
140,368
89,779
193,250
96,703
146,349
38,47
93,398
19,35
16,418
125,584
148,14
165,20
102,585
110,966
141,61
19,560
100,735
113,489
68,46
200,713
62,491
129,274
178,697
33,734
56,679
50,584
74,315
149,716
96,883
58,22
1,403
126,470
97,777
41,343
84,9
56,165
163,357
3,75
127,218
98,321
66,134
101,189
74,109
118,551
66,189
150,63
161,192
170,970
147,720
200,154
57,809
57,316
85,877
25,72
4,755
9,586
11,659
108,860
174,48
92,251
2,653
196,983
139,570
106,523
65,249
4,156
30,91
99,403
114,226
35,632
2,289
174,343
117,343
194,898
145,570
140,462
83,878
145,882
48,90
44,608
189,608
198,434
80,172
102,48
60,977
62,430
172,824
46,817
3,906
178,145
118,379
91,534
48,80
66,474
119,912
7,712
153,130
1,930
114,118
24,821
89,863
42,232
183,770
141,7
47,194
111,718
44,102
166,815
156,743
170,176
18,362
135,805
32,535
147,932
126,741
2,703
94,580
25,445
28,792
29,516
112,217
138,381
86,564
141,84
187,603
81,583
192,475
177,997
121,172
181,708
25,391
143,530
12,726
13,769
198,348
61,491
137,784
180,619
56,69
141,385
156,966
40,521
149,492
45,823
131,283
85,985
80,888
14,674
25,527
36,173
185,773
123,167
1,56
46,565
55,630
76,550
33,641
59,139
170,969
40,61
65,91
72,286
125,286
168,217
188,135
192,881
135,766
29,68
108,998
93,592
155,728
51,718
3,690
33,754
161,753
4,131
10,650
54,52
71,960
183,713
39,225
34,134
184,450
128,368
33,713
27,250
96,736
50,43
199,778
34,516
24,428
86,908
13,417
65,406
51,3
175,845
15,353
184,813
153,237
113,468
118,365
102,925
150,99
157,551
58,136
197,73
176,24
167,166
154,92
107,700
176,761
19,481
77,388
156,42
41,597
192,979
136,224
31,967
8,270
64,863
190,555
71,69
159,397
101,167
39,582
21,821
52,962
31,430
125,15
129,58
94,416
143,907
95,993
107,862
101,472
193,899
11,393
60,718
101,953
40,87
147,525
101,371
93,62
78,596
74,798
196,803
66,308
168,38
113,989
111,401
51,702
79,620
198,194
184,231
146,427
89,9
78,663
155,386
43,465
49,133
44,395
35,445
31,91
76,992
38,262
56,805
106,682
36,942
190,352
168,569
179,329
69,690
39,104
174,528
132,652
11,547
189,505
153,974
176,633
26,758
160,953
105,152
164,246
186,319
183,87
169,616
147,700
98,270
57,206
144,347
62,909
35,738
73,970
118,998
48,911
94,683
15,374
137,242
58,252
67,973
52,973
9,829
177,247
20,81
181,855
94,869
172,542
128,416
8,383
185,274
95,885
120,798
187,400
177,578
173,276
128,339
117,412
151,730
185,817
69,740
198,966
163,344
52,370
62,448
95,578
121,878
70,403
99,954
187,609
199,515
98,986
17,442
54,928
72,130
21,182
88,293
95,23
138,715
3,587
86,948
159,940
79,521
23,835
88,190
195,409
153,147
83,806
96,590
98,407
78,865
115,187
29,874
62,14
117,891
71,140
62,377
199,735
151,122
69,186
99,126
74,54
171,977
68,667
140,598
51,254
41,964
107,837
30,309
199,325
80,219
184,830
15,464
146,423
57,674
198,469
58,107
175,926
5,31
137,662
176,749
32,508
136,842
92,942
43,146
31,82
95,748
141,458
24,939
143,288
82,161
54,372
169,287
190,918
46,444
130,817
118,266
69,865
175,667
174,511
13,116
128,199
165,989
42,891
166,957
174,26
178,542
106,816
88,897
190,841
38,228
114,474
116,136
148,441
103,699
83,417
49,200
120,4
29,286
16,662
12,948
196,645
180,366
40,834
113,955
138,65
7,950
95,334
167,532
169,47
10,26
39,496
175,183
187,132
17,317
48,328
119,679
50,123
109,28
155,309
59,991
147,709
32,788
56,782
102,542
161,711
23,507
43,931
9,204
32,203
97,638
89,360
182,158
133,795
101,181
185,28
154,661
48,590
186,647
125,803
64,353
33,737
96,990
158,361
169,700
55,932
61,152
44,155
164,710
198,835
114,233
180,631
49,916
134,618
156,179
1,295
94,874
122,708
178,849
57,801
91,231
34,233
109,438
23,520
90,996
9,481
102,94
13,565
118,47
131,192
100,622
128,807
31,783
130,827
41,850
52,391
10,102
4,504
32,160
102,103
91,661
142,228
143,695
144,648
47,724
23,987
127,683
162,446
182,781
68,547
67,799
104,490
52,333
114,772
68,135
38,215
56,708
40,146
42,942
183,521
5,650
28,773
156,300
65,158
89,574
172,879
190,580
40,735
171,702
162,881
48,183
188,982
91,415
15,387
47,841
159,346
55,381
168,51
100,249
163,810
185,491
63,69
166,118
137,57
70,407
176,813
126,283
27,848
61,7
125,686
81,235
144,973
79,791
32,669
144,332
39,14
169,74
57,794
99,179
103,677
15,521
74,680
103,235
147,849
185,485
169,375
99,65
81,749
71,810
122,47
93,327
65,583
19,819
45,960
161,676
18,378
23,439
185,275
19,80
145,785
173,351
85,439
70,18
146,956
172,94
148,739
97,607
55,606
83,462
141,509
92,825
48,62
123,823
1,831
36,19
65,173
112,1000
41,683
4,73
160,888
167,509
25,140
187,678
23,154
79,76
52,586
63,770
184,441
159,414
119,545
146,663
117,416
10,580
134,486
56,76
43,437
126,915
124,237
21,818
155,789
48,136
113,668
100,692
196,29
118,983
87,713
148,987
136,548
160,487
167,558
108,361
61,861
164,959
54,964
162,702
147,922
179,710
80,208
30,618
24,646
198,392
85,317
49,32
132,689
186,805
149,653
86,187
60,128
38,47
41,124
151,71
91,863
7,794
90,498
97,279
73,577
164,468
73,492
2,729
13,2
36,431
144,476
102,314
80,558
171,781
112,509
103,305
147,459
152,461
80,907
23,430
52,395
89,437
177,35
66,879
85,34
6,417
63,362
81,716
57,482
51,39
151,757
99,999
70,579
110,632
48,986
119,452
21,113
163,580
167,367
36,583
179,390
58,329
53,51
178,380
152,478
185,9
46,377
90,113
42,542
42,474
106,691
53,437
77,241
21,874
81,629
75,939
135,636
144,861
146,782
86,627
101,358
73,424
169,446
64,306
85,772
68,896
75,764
57,315
182,264
19,811
79,627
32,406
146,951
155,604
63,772
156,249
181,968
67,283
149,462
73,232
148,903
70,899
105,271
5,539
195,693
169,717
144,176
38,230
13,608
85,513
108,132
155,741
123,741
56,590
172,838
137,658
198,904
134,597
70,103
64,162
27,991
3,916
195,585
115,133
16,708
45,118
123,780
12,491
84,309
133,357
50,294
162,727
106,380
87,484
150,136
200,129
10,251
3,44
78,285
146,444
78,391
17,152
186,626
58,581
14,843
8,145
189,896
92,110
35,798
30,209
188,885
119,342
101,886
92,542
181,610
101,195
85,597
87,644
174,860
121,987
1,569
111,995
21,945
147,625
56,968
18,268
181,370
142,306
49,266
179,336
102,398
57,87
19,229
139,564
95,50
53,304
47,196
105,162
172,759
35,35
64,200
80,469
75,188
68,417
54,672
28,20
78,238
170,462
183,594
107,517
190,710
173,821
169,406
139,852
8,34
142,811
167,322
182,725
37,583
72,391
193,597
13,157
168,92
166,679
125,449
74,66
120,270
49,39
78,213
82,60
40,234
138,813
94,970
13,168
42,835
144,625
72,433
101,347
47,460
193,345
187,894
193,945
195,164
51,206
35,533
40,639
60,10
35,17
35,339
103,588
28,221
53,899
3,236
6,225
51,260
105,480
113,70
188,709
32,687
110,803
117,374
3,449
110,146
199,490
157,625
89,769
81,256
192,59
45,285
165,380
54,58
21,965
45,933
60,753
149,570
198,265
125,175
61,30
56,278
184,940
34,48
33,554
76,470
18,970
149,829
190,817
198,17
24,466
184,167
42,678
34,300
14,903
96,60
113,834
185,424
67,677
140,474
187,795
27,852
122,658
163,708
127,329
67,424
28,638
154,959
47,948
68,52
99,369
164,555
59,550
113,158
174,481
162,152
87,518
17,185
40,325
154,42
150,801
177,352
99,404
195,547
73,730
66,937
130,743
190,151
64,498
64,643
49,463
147,788
20,814
48,103
34,87
23,49
31,544
118,990
132,43
61,714
89,705
142,426
191,629
13,686
19,466
13,884
125,299
178,37
162,955
58,613
39,361
27,602
159,633
65,712
91,183
154,326
189,908
196,113
127,105
45,180
37,928
127,969
100,767
66,256
57,571
117,187
42,22
93,878
75,154
37,116
97,181
97,696
83,702
67,606
166,392
50,931
50,758
189,2
178,553
51,208
75,302
78,454
5,313
129,861
133,512
131,614
149,945
85,13
70,476
6,824
43,11
96,629
175,387
197,520
176,358
19,627
197,896
81,195
175,459
128,264
160,719
47,407
110,650
169,215
41,971
154,759
82,425
60,275
48,464
128,486
82,814
44,164
92,581
40,18
108,83
103,358
139,86
37,829
155,138
8,670
95,587
186,950
41,155
152,293
30,74
83,947
197,421
56,44
39,606
82,324
194,681
180,596
103,239
112,251
119,685
185,832
40,662
105,177
160,741
76,681
196,977
47,44
111,387
20,344
170,266
160,527
7,662
172,565
87,100
50,210
186,110
58,671
138,779
11,45
70,588
137,873
58,722
41,66
165,86
46,871
39,97
45,801
20,382
192,304
131,679
29,729
96,552
40,891
112,557
107,549
128,412
77,916
3,107
196,597
29,544
84,269
143,551
15,399
80,313
193,137
173,1
11,814
100,182
146,951
129,938
128,453
164,538
123,251
81,534
84,795
189,983
100,654
103,289
103,767
80,794
191,122
153,446
186,133
56,304
169,185
29,626
37,733
112,829
38,184
20,198
47,18
79,707
17,47
73,168
157,260
137,223
29,289
188,498
131,940
146,792
180,887
29,93
121,884
158,458
40,846
195,417
151,625
153,628
72,590
177,540
25,668
42,527
179,204
29,754
141,21
15,225
111,433
105,22
189,705
191,173
181,3
16,6
90,959
51,766
42,553
87,199
140,406
49,894
25,4
83,647
12,335
46,277
63,908
136,921
61,564
182,2
91,567
177,166
107,863
158,176
169,798
145,786
157,64
16,462
102,547
179,443
42,843
118,775
112,956
63,879
59,182
143,911
53,904
129,625
99,690
53,220
124,418
192,86
130,345
163,117
162,987
139,935
193,848
197,413
46,408
117,108
64,445
142,313
199,112
1,997
20,195
40,680
130,811
41,206
58,735
156,157
26,690
139,870
131,749
58,358
48,473
189,615
187,877
17,542
123,334
182,961
196,754
180,21
104,976
124,505
99,98
167,45
109,774
162,741
95,846
149,172
2,651
138,536
26,877
168,833
69,254
198,77
160,131
120,622
114,980
105,120
118,941
129,712
29,361
152,430
149,874
137,659
64,555
178,307
90,677
128,183
189,692
5,734
188,155
180,401
97,378
179,977
103,547
99,783
44,627
91,589
25,142
83,459
53,316
158,520
152,580
42,352
84,229
155,280
172,446
161,652
3,783
114,756
77,908
35,594
156,24
114,275
161,487
37,784
159,422
109,605
78,65
196,449
147,634
102,497
6,576
1,567
153,469
79,703
175,510
66,573
91,703
159,872
147,292
104,283
20,977
131,199
156,822
130,868
78,116
106,474
63,296
118,532
162,352
53,409
188,596
138,828
137,110
98,300
199,599
137,29
68,297
81,11
155,171
170,656
132,826
101,897
3,335
44,122
9,168
103,143
118,41
102,410
75,567
155,924
16,19
140,184
70,548
65,368
134,107
198,227
1,570
139,587
143,195
171,824
11,338
124,313
171,835
139,565
61,634
153,755
122,269
191,109
142,356
107,887
61,15
39,948
115,808
95,938
4,49
1,218
12,696
89,738
100,779
174,413
27,607
200,611
92,661
53,18
92,397
75,100
143,268
197,579
50,846
113,555
171,865
76,443
115,584
14,515
195,492
185,935
5,670
31,544
121,166
107,900
165,823
9,32
29,647
193,209
110,382
177,126
13,237
70,941
76,311
65,135
154,610
12,403
124,281
171,352
109,573
103,839
96,169
78,963
10,387
37,807
200,130
30,332
89,626
153,447
123,141
81,955
109,787
46,189
47,128
156,9
85,242
56,955
163,664
169,302
113,813
8,265
128,315
123,923
100,311
139,296
176,805
84,382
153,229
154,448
84,175
25,869
60,548
58,321
2,501
21,993
36,295
86,747
90,224
27,171
180,849
153,58
1,759
64,404
33,675
48,970
24,953
18,952
184,798
121,243
200,656
37,649
119,507
41,436
198,278
138,658
140,750
64,633
89,570
83,730
173,329
142,333
44,186
150,685
79,175
175,862
89,144
183,880
81,104
104,119
129,336
126,378
158,87
115,69
15,345
14,542
164,49
93,316
154,95
67,459
117,315
69,483
59,784
94,654
55,366
198,145
77,449
136,750
191,874
188,303
29,854
119,122
92,595
77,720
147,471
52,267
75,868
155,209
10,342
60,501
131,548
8,228
50,128
136,223
108,86
18,705
52,246
165,534
154,187
110,959
10,526
122,519
137,911
45,832
143,70
91,814
45,492
140,487
51,10
74,848
143,446
48,324
176,65
81,186
32,456
178,314
105,335
170,218
84,747
58,495
132,52
26,525
145,885
28,365
109,703
123,193
75,286
98,509
23,753
123,454
191,388
42,607
102,603
17,318
58,215
102,140
151,620
148,264
97,645
111,269
88,54
157,602
148,600
8,707
10,115
13,546
153,568
88,492
59,592
5,545
60,853
176,726
88,168
25,722
22,554
153,420
170,535
75,927
74,175
167,302
100,284
189,961
132,796
133,305
159,770
172,630
186,469
150,380
113,175
144,933
95,844
199,912
126,337
163,728
147,357
194,533
33,969
133,760
29,863
152,53
46,147
19,452
191,598
119,749
138,624
170,919
170,867
162,859
19,840
36,307
136,554
49,655
156,930
116,921
21,474
4,949
85,769
149,542
77,938
68,948
85,831
26,809
69,814
53,436
128,779
41,536
101,536
27,85
47,744
56,654
8,215
136,515
88,771
112,870
138,117
199,84
148,252
157,504
138,82
71,968
87,591
3,909
6,756
159,673
185,587
162,867
43,854
27,456
120,591
13,380
81,152
144,883
109,947
109,600
54,227
96,92
161,849
169,321
191,517
138,769
6,773
185,476
192,13
197,857
172,327
50,130
173,405
6,765
191,125
32,590
62,807
150,82
3,255
137,129
147,486
79,138
166,887
81,358
32,250
186,437
11,588
16,707
136,336
137,817
26,877
129,735
32,44
73,336
16,901
35,307
55,732
119,212
103,72
88,956
179,815
136,509
53,389
194,412
36,937
113,81
56,707
90,522
185,614
103,582
63,215
91,248
159,62
181,8
161,342
140,330
193,862
111,93
94,649
75,462
171,253
23,667
86,882
99,841
97,246
150,500
146,191
92,356
30,104
98,298
64,403
174,629
11,676
35,859
131,933
62,483
125,187
117,29
41,558
153,432
197,666
97,420
2,352
64,303
46,534
22,387
66,263
18,837
181,700
106,79
9,915
27,639
179,473
83,650
53,343
138,894
163,942
77,420
68,44
96,987
32,39
49,686
144,560
1,139
126,220
3,271
37,499
108,214
109,138
131,894
27,270
163,266
174,278
117,119
136,774
149,236
152,325
55,949
6,590
106,589
12,429
127,412
67,712
194,882
169,881
156,642
178,942
1,584
45,178
130,550
196,879
72,962
158,522
117,784
70,893
82,773
90,115
181,243
197,337
138,767
117,140
126,127
117,273
51,22
165,992
109,826
142,983
144,123
28,776
99,860
70,795
185,785
9,208
79,970
54,605
129,779
134,923
17,520
127,211
141,482
114,668
192,368
132,228
188,240
55,415
73,780
122,461
4,850
65,97
60,735
3,620
4,638
29,965
90,198
132,846
164,895
108,993
6,191
140,131
102,137
90,271
43,994
11,947
68,70
168,868
44,884
60,916
22,626
9,742
168,365
116,473
35,8
69,777
72,68
6,58
182,707
127,707
152,859
181,279
26,579
56,164
70,381
200,246
142,659
20,61
160,495
183,631
80,102
163,946
37,148
193,284
140,975
120,29
151,748
189,572
122,155
191,400
66,887
148,417
53,188
46,383
21,508
77,813
37,190
75,15
68,853
178,662
173,220
45,430
26,111
137,849
160,53
10,198
79,392
135,442
26,705
98,221
13,487
4,153
140,409
115,712
168,174
15,957
39,798
9,33
153,344
200,812
61,401
107,739
35,72
147,370
51,420
140,598
8,11
87,477
122,620
81,31
16,99
127,250
35,342
145,989
4,27
119,222
158,473
23,195
193,798
9,671
116,176
42,96
28,210
139,833
98,580
11,762
131,484
20,671
100,508
37,191
31,26
65,324
182,793
72,762
105,812
29,508
29,584
43,561
18,486
2,466
66,314
63,417
14,149
58,778
78,301
34,189
93,148
24,664
102,16
37,351
47,220
151,277
194,85
37,978
188,936
171,748
5,598
70,313
190,844
115,817
122,905
47,385
158,24
54,691
47,431
165,641
91,324
25,231
34,482
105,81
167,477
155,838
77,738
143,25
174,138
70,971
89,848
178,368
150,554
90,115
98,38
34,109
28,589
171,114
82,979
138,596
24,175
111,554
104,776
180,293
188,622
138,907
106,262
123,570
110,811
132,691
108,130
55,475
98,61
3,513
135,276
80,468
67,25
131,768
60,449
169,571
23,579
29,586
9,503
75,635
146,134
22,448
77,45
13,414
147,755
186,783
136,956
197,916
52,403
156,986
187,641
33,854
51,805
84,236
72,554
69,523
112,277
115,968
11,517
41,121
58,588
136,421
82,281
111,192
38,732
3,173
17,171
52,762
187,504
176,962
191,152
4,368
85,2
54,780
56,3
16,22
5,562
133,386
64,813
75,762
183,413
117,246
152,114
157,5
1,529
134,586
197,797
146,93
32,259
31,416
1,24
149,978
24,394
146,772
190,643
39,841
61,143
176,507
52,957
117,760
149,690
137,968
198,592
187,471
190,734
159,46
100,10
139,815
188,345
77,557
22,966
141,436
123,265
100,251
11,52
6,944
153,836
151,528
71,701
57,256
112,122
25,741
63,976
115,85
25,536
22,326
24,679
155,569
166,379
178,266
85,514
37,778
147,986
80,154
5,194
163,267
171,13
18,372
53,332
196,245
72,423
106,31
115,330
97,967
148,622
153,257
73,596
181,280
104,443
114,152
184,55
25,60
141,142
69,903
165,739
5,830
36,724
198,553
24,706
130,156
36,669
57,526
115,611
197,296
1,153
101,145
9,544
89,513
18,509
68,706
84,927
35,479
59,809
92,653
50,422
80,164
57,353
117,18
3,302
23,164
159,97
198,574
36,565
180,340
28,563
30,704
108,961
18,644
46,806
162,998
84,355
145,19
74,682
102,118
9,63
119,617
45,225
15,271
110,419
7,56
22,131
144,249
134,147
118,89
8,92
186,901
191,930
45,206
33,582
189,948
161,438
18,360
23,129
8,671
68,970
137,733
96,12
128,754
110,446
193,333
58,979
198,913
188,936
194,265
80,391
186,48
79,671
46,916
37,451
108,225
163,308
99,846
7,110
160,91
86,243
2,375
128,737
191,818
161,210
188,317
126,866
39,266
61,359
143,985
108,86
126,420
137,174
42,963
82,776
26,768
174,130
118,685
47,404
116,4
131,402
108,721
100,958
90,955
179,802
103,976
40,877
34,283
20,980
160,901
114,906
105,873
140,453
131,877
70,810
160,301
122,479
21,679
41,593
16,655
54,371
4,38
106,999
28,826
131,311
129,580
124,309
38,129
61,321
70,832
54,315
14,315
186,430
190,772
97,561
40,971
29,155
23,345
164,444
65,620
189,770
92,168
92,263
148,805
45,18
103,676
177,284
73,659
23,785
32,104
172,728
157,505
199,201
140,564
21,544
38,475
64,3
172,440
60,315
58,346
174,601
74,513
129,826
46,742
17,541
133,284
151,821
108,550
6,415
104,266
199,19
89,868
26,837
26,45
47,94
42,835
95,319
51,673
192,286
22,822
186,191
64,884
8,122
182,412
14,319
157,762
136,435
2,844
62,509
37,103
183,748
165,894
130,395
14,60
52,168
16,716
52,108
153,458
141,848
152,638
155,935
13,83
23,827
71,34
4,215
77,942
122,833
30,247
28,769
177,509
192,102
151,843
120,781
167,569
107,47
200,768
27,906
162,776
100,906
40,779
91,701
184,632
193,53
185,520
67,101
149,664
73,866
163,478
135,337
94,944
3,644
31,79
53,982
113,349
58,346
136,170
181,123
6,484
43,572
136,693
114,536
191,4
121,141
200,480
154,779
15,733
59,480
29,969
107,109
110,29
142,707
132,114
200,631
121,1000
40,133
52,694
153,901
195,603
163,394
65,493
126,794
31,549
51,497
87,858
59,42
115,900
108,574
28,922
2,187
74,561
4,690
186,734
141,376
91,477
129,33
4,174
167,264
172,889
76,199
197,139
55,898
102,988
48,167
32,401
150,39
99,617
172,782
98,565
91,868
117,266
102,683
121,21
100,821
114,699
175,366
17,448
159,707
31,252
148,871
94,714
192,963
37,92
83,57
189,119
105,917
77,844
38,398
19,5
123,951
3,223
51,373
12,964
167,536
197,265
41,289
55,720
192,712
29,635
138,887
57,592
36,296
139,876
75,516
17,226
7,11
78,935
28,757
109,616
20,834
4,324
59,48
38,104
95,934
19,387
122,737
94,782
183,564
100,716
75,414
183,814
63,237
171,889
158,884
85,239
80,564
24,96
1,334
5,840
31,902
195,283
128,431
67,788
40,503
130,840
150,807
109,877
32,328
121,253
142,346
83,763
196,937
29,141
140,789
20,928
115,930
127,338
26,138
60,607
96,784
145,510
130,101
88,371
67,159
97,875
164,47
196,688
154,473
42,233
188,393
5,158
76,806
75,446
195,756
95,791
72,433
198,474
120,145
10,367
17,453
27,28
118,209
16,847
129,475
32,371
99,825
68,773
167,493
137,657
193,236
124,681
186,63
56,101
125,326
79,234
136,17
199,191
114,304
19,861
78,516
84,723
118,688
47,393
13,166
145,177
86,266
198,770
101,702
136,413
38,915
116,191
143,529
77,47
115,427
110,257
35,11
115,669
97,700
53,148
123,969
18,881
181,212
87,214
187,562
103,488
107,709
36,367
155,129
56,915
136,442
185,517
122,622
14,417
172,711
8,817
68,530
134,403
152,696
60,181
15,711
86,799
95,797
61,266
2,356
7,704
135,967
155,791
38,486
52,592
108,761
22,980
84,611
116,440
66,796
3,322
50,699
168,756
83,422
116,60
189,486
129,610
119,512
182,348
89,261
41,447
20,601
181,884
8,248
135,266
38,866
47,489
54,881
104,768
34,467
187,212
47,62
181,181
45,967
165,151
124,106
28,780
20,856
119,851
95,667
126,437
156,124
126,110
109,169
15,799
76,162
158,905
140,381
30,296
69,858
142,414
148,567
60,34
96,180
27,856
109,979
149,9
54,599
46,192
8,921
47,765
106,985
146,814
141,15
25,912
69,189
174,408
69,508
20,63
109,560
7,890
19,462
119,905
195,20
56,826
21,410
50,457
200,41
88,702
3,964
9,299
150,204
54,190
106,856
118,188
65,939
72,386
148,230
29,884
113,164
145,286
114,444
62,938
143,6
139,228
145,34
190,408
194,952
84,267
16,161
90,631
187,628
141,333
28,716
155,225
189,620
58,131
119,718
41,777
127,185
139,882
23,164
147,121
100,228
90,668
13,306
198,577
110,61
33,851
111,736
108,464
102,662
85,844
44,465
43,567
165,312
92,211
151,501
68,639
192,642
151,383
6,464
186,1
130,880
140,446
78,836
1,429
192,508
94,772
106,867
6,174
12,559
3,682
184,945
27,579
44,610
12,170
48,791
20,926
96,796
77,904
61,635
9,287
67,556
147,936
9,599
58,178
41,357
50,254
53,178
2,981
43,251
92,69
11,158
96,928
167,825
85,353
16,117
159,906
187,232
87,291
85,816
184,700
9,232
104,595
130,833
142,828
144,292
178,803
54,639
50,774
199,252
50,897
42,302
64,404
42,607
110,136
2,832
138,28
89,578
192,759
138,661
60,126
33,852
69,771
70,93
42,901
149,59
114,799
86,770
154,403
81,930
157,616
158,138
15,121
37,249
128,412
51,78
124,471
80,603
96,285
41,68
4,394
47,610
199,888
69,657
24,580
53,924
115,351
160,816
26,601
34,186
102,458
20,720
59,103
124,382
60,740
103,132
109,876
71,485
82,155
171,874
131,645
103,258
99,106
37,719
7,912
159,436
31,460
197,235
7,5
147,608
41,676
190,901
137,925
69,323
36,277
16,196
43,723
28,65
91,708
59,881
85,364
3,326
25,278
54,738
198,143
26,596
164,108
77,244
171,862
13,530
114,497
152,473
164,144
67,478
155,998
33,384
178,760
65,881
34,158
24,514
140,242
182,839
66,644
173,330
180,955
139,811
29,605
47,754
2,310
198,556
124,505
11,442
127,650
98,850
148,204
54,902
61,776
44,604
151,572
111,363
25,367
159,966
15,170
88,479
184,556
171,297
111,282
15,905
134,342
163,516
92,753
135,544
50,850
190,555
44,997
199,329
180,448
182,813
123,139
104,808
45,19
190,521
69,408
124,129
169,599
200,173
93,313
56,883
200,653
82,755
96,83
150,402
44,569
41,177
47,891
90,9
194,109
137,188
91,747
170,957
163,416
44,776
77,458
45,566
106,194
151,779
65,902
47,662
4,93
44,812
42,252
71,90
74,584
147,180
153,12
4,621
180,671
107,404
44,852
178,455
11,138
105,409
1,269
88,848
14,986
149,370
111,199
48,69
123,857
73,663
11,20
184,238
158,77
13,756
195,87
148,225
63,380
196,206
138,635
46,138
42,306
119,96
23,973
152,228
98,873
2,712
12,430
6,955
136,148
119,498
169,39
83,410
72,410
29,946
176,767
108,851
15,486
112,892
34,401
73,224
182,539
183,962
91,11
4,587
84,234
119,178
52,278
109,93
114,846
109,675
38,878
58,690
29,211
51,806
106,118
4,659
159,266
73,730
24,989
112,307
36,962
52,733
26,399
90,283
74,120
192,202
118,183
119,482
169,917
100,536
93,489
108,916
193,33
109,880
178,214
65,619
75,185
160,999
12,839
72,902
110,829
18,485
84,879
88,103
131,564
113,21
23,856
127,635
158,579
49,177
77,715
47,43
44,294
144,225
114,316
69,791
69,80
197,509
44,225
69,354
110,800
86,816
51,514
100,587
66,460
146,780
3,170
92,896
76,792
138,379
191,231
97,863
195,141
108,573
146,43
72,705
120,178
51,529
112,752
181,273
17,669
4,981
1,610
87,233
129,896
87,641
81,494
190,967
69,179
24,401
186,286
61,329
200,605
155,17
9,596
200,226
123,547
20,269
173,438
13,313
126,867
166,651
106,755
25,301
57,467
130,980
134,269
71,218
118,53
102,746
97,85
139,771
116,864
167,987
90,900
107,263
107,870
120,135
174,898
100,774
60,414
142,947
18,377
169,305
178,90
133,382
133,765
156,585
9,961
16,153
116,487
179,171
148,864
29,12
199,530
79,343
11,715
117,666
144,395
6,298
61,373
106,771
110,35
87,922
10,234
181,254
114,274
109,607
131,252
55,28
102,495
166,451
171,217
6,838
104,483
180,811
31,562
35,188
189,188
108,421
122,934
148,658
72,795
21,630
5,790
132,463
131,663
130,442
85,224
129,779
85,693
154,828
12,397
121,770
53,587
107,210
78,697
44,714
132,711
159,890
129,775
124,410
7,760
81,818
164,331
6,865
172,653
78,585
36,143
31,712
117,61
68,664
144,433
196,717
196,80
140,886
103,700
186,454
8,417
101,211
48,860
16,781
18,412
196,167
148,954
174,918
4,486
50,967
149,596
46,786
131,860
158,83
173,581
138,953
41,503
31,576
40,429
180,331
197,209
198,824
60,475
24,469
189,937
2,547
109,843
79,626
68,176
104,602
75,162
8,212
184,713
152,549
176,977
171,241
23,691
198,244
84,310
176,656
154,709
5,116
73,368
199,580
157,429
116,28
98,614
46,66
158,349
138,450
49,3
95,265
156,544
42,982
70,238
144,935
132,761
199,285
169,806
63,832
14,715
38,802
178,695
190,78
120,743
138,115
107,483
129,881
2,396
163,386
165,278
170,228
174,117
88,905
166,541
149,885
194,777
14,106
98,667
65,904
198,595
186,674
37,923
168,524
24,337
1,205
115,794
12,118
122,56
154,160
106,646
77,44
115,901
13,209
8,526
162,553
9,531
164,920
17,466
41,412
39,542
43,616
107,564
45,667
198,304
77,863
135,335
193,970
8,677
5,469
38,529
130,676
149,990
87,975
145,189
165,663
120,647
71,91
20,430
139,3
109,960
152,702
29,737
154,906
99,880
29,176
121,416
101,136
4,571
9,544
35,861
5,246
160,123
117,59
163,776
45,945
108,200
173,923
68,288
69,224
84,823
153,391
162,667
48,658
65,343
134,697
125,922
2,84
46,12
189,765
76,830
170,953
169,147
77,167
169,898
96,221
105,611
5,600
24,962
40,980
58,470
94,255
3,188
142,932
69,584
116,415
181,61
64,625
97,665
195,460
1,136
194,301
63,385
82,137
196,913
177,316
11,361
91,228
179,783
109,262
129,772
21,717
137,835
113,809
95,798
72,696
5,995
63,895
103,847
180,279
131,560
38,122
91,896
184,584
116,511
64,531
95,284
183,410
106,156
51,984
33,237
110,40
98,413
119,619
199,640
136,418
73,600
19,133
96,596
80,581
125,992
171,927
45,139
192,52
66,191
155,538
100,189
43,985
106,578
159,132
3,394
107,408
19,990
117,972
146,598
105,182
49,914
89,387
157,605
154,674
40,603
189,618
188,562
64,221
83,770
142,753
123,886
103,570
132,476
182,508
116,626
48,382
200,445
4,309
32,253
66,538
45,51
134,971
65,917
156,833
64,98
84,205
155,541
191,195
196,614
22,159
33,413
3,31
2,919
18,297
77,51
168,675
179,478
103,151
158,742
192,967
18,980
79,759
167,678
59,874
9,892
73,749
145,73
56,308
31,18
53,529
148,508
83,156
163,864
140,482
34,34
152,628
139,446
165,336
172,393
77,164
191,805
171,963
179,139
76,931
3,338
159,993
182,665
39,57
133,188
60,345
60,32
146,955
125,437
110,624
27,638
67,573
159,411
33,938
146,963
199,559
9,665
95,412
137,135
2,88
122,675
94,252
161,958
1,460
158,419
105,103
135,441
147,342
123,157
194,783
167,938
188,658
198,298
2,318
64,815
79,503
66,124
182,168
82,231
19,673
50,494
170,634
81,871
104,100
4,54
128,502
127,202
165,174
19,509
90,64
58,430
23,776
148,781
170,184
12,151
178,342
160,763
150,612
185,73
152,204
133,496
50,216
118,42
49,306
188,189
76,873
80,282
115,294
141,624
1,799
70,506
111,27
114,768
137,426
33,794
58,323
17,946
2,709
121,424
83,79
200,776
156,74
121,645
9,941
177,571
200,999
92,92
124,712
62,985
169,171
138,608
89,81
69,361
99,198
66,38
155,834
19,572
91,522
1,353
89,558
190,81
187,755
25,329
116,267
70,736
159,402
172,375
64,617
171,120
102,49
166,504
122,3
13,292
3,602
63,914
4,735
80,327
80,121
139,283
5,780
64,619
183,560
39,183
21,824
139,25
175,215
151,392
101,788
42,786
190,749
11,245
132,381
140,568
103,701
72,644
178,762
6,676
114,547
139,13
39,402
83,162
156,715
87,93
98,290
178,448
182,615
53,888
53,740
61,351
185,428
34,205
15,955
49,620
120,308
68,871
6,516
130,922
14,781
197,861
111,500
11,518
185,989
155,572
124,993
11,611
44,43
174,733
31,614
180,630
24,554
186,843
178,645
73,887
57,81
24,205
175,877
38,831
100,388
26,99
86,551
71,567
87,575
13,352
42,820
103,247
48,674
31,115
153,672
104,34
76,466
176,689
41,151
5,322
58,616
121,695
2,488
123,975
70,373
183,286
76,492
186,715
15,885
137,696
174,792
36,941
164,917
51,82
114,769
17,297
100,764
19,843
159,587
87,747
63,591
70,432
125,824
100,418
34,894
105,185
64,335
180,778
148,385
1,373
60,1000
4,142
192,394
19,758
137,309
5,133
96,498
