250000
190,930
195,858
179,590
26,436
35,261
123,785
60,932
22,291
154,898
140,419
66,194
2,727
191,809
2,592
134,121
134,8
97,671
53,705
81,419
93,110
40,437
167,600
65,268
138,434
145,375
157,283
175,407
194,209
106,566
143,495
46,380
144,569
124,260
79,592
89,793
181,408
189,142
169,122
192,236
115,802
180,973
42,103
55,521
103,805
87,821
141,629
179,701
181,54
42,399
163,6
24,844
38,483
154,446
23,66
68,228
95,82
156,39
186,394
103,629
168,534
74,729
153,59
199,840
45,656
127,450
3,207
169,954
133,293
50,35
154,523
133,716
60,630
44,691
10,369
62,671
1,1000
41,89
71,799
103,362
172,405
104,601
52,531
4,755
181,71
24,563
73,744
144,937
150,357
89,987
71,232
156,987
50,466
104,589
2,268
45,417
130,110
144,75
129,302
88,970
30,823
132,980
66,898
138,833
148,257
178,454
97,577
124,789
63,776
87,985
199,470
175,472
151,883
8,494
30,265
18,392
163,808
57,694
180,236
81,423
91,529
138,10
180,853
68,255
74,96
103,690
192,841
88,78
142,954
46,488
81,363
56,916
147,276
47,970
192,700
49,511
189,205
61,754
62,894
68,212
59,208
64,857
159,365
40,798
28,123
21,693
170,505
158,7
196,878
139,981
11,869
124,381
159,323
127,920
148,890
71,503
47,783
131,287
102,228
193,591
33,56
135,819
109,490
139,34
129,356
101,882
176,795
45,469
31,716
133,472
81,706
3,13
173,216
98,595
26,334
93,628
67,192
141,270
61,276
121,982
157,352
94,189
128,435
54,430
180,771
96,374
103,287
116,185
147,135
148,703
59,834
26,739
70,824
61,569
111,877
98,201
38,820
190,154
122,826
3,181
108,512
35,915
162,530
137,738
81,805
125,308
65,576
146,49
102,102
177,168
16,221
66,488
162,99
116,763
86,267
93,369
144,571
66,353
6,422
32,360
174,987
156,204
148,590
167,665
138,179
200,292
91,333
173,523
125,794
189,458
21,391
158,294
119,647
38,890
43,656
87,432
162,628
147,415
19,82
42,352
59,322
82,669
75,728
69,620
166,405
70,909
114,800
93,766
151,534
116,424
43,189
6,129
187,241
170,258
191,718
192,82
54,171
102,106
25,66
122,562
14,27
198,407
135,784
22,107
68,633
40,87
168,954
100,317
59,254
189,291
114,642
33,135
135,859
44,30
9,680
92,882
84,885
122,479
139,958
70,562
114,139
179,553
46,606
153,468
162,767
163,899
145,446
135,656
164,547
80,931
89,494
139,233
23,453
79,375
106,267
40,311
3,1
134,835
195,869
35,353
74,481
137,9
177,945
126,970
194,489
77,10
197,441
75,612
60,816
2,562
96,194
106,904
144,448
102,256
42,733
189,662
100,849
97,226
68,82
109,641
62,530
196,820
157,827
178,702
70,292
167,761
137,829
69,423
49,874
18,187
35,297
29,653
117,633
116,279
180,638
126,193
83,20
39,51
137,23
48,996
27,289
69,129
184,449
187,9
60,93
39,16
127,223
88,431
80,805
128,381
119,714
9,339
21,864
193,975
38,58
69,795
101,74
140,482
47,197
65,837
98,849
4,125
197,732
64,395
198,999
114,254
189,35
51,472
189,790
25,534
171,214
122,399
175,985
80,959
83,163
162,746
11,763
141,534
32,260
124,654
77,204
93,909
14,885
171,224
29,242
163,445
84,16
43,814
71,599
31,406
63,10
11,596
177,487
177,611
40,381
198,92
64,162
128,94
176,634
87,954
195,641
16,62
92,661
40,719
138,811
28,129
125,239
82,572
166,775
89,825
113,751
50,22
177,387
92,742
35,257
11,497
181,449
144,302
139,714
126,195
146,192
140,357
83,750
120,282
154,937
142,165
18,544
40,461
76,840
68,555
94,465
1,795
164,519
98,752
48,905
5,635
94,795
159,245
83,739
17,675
138,839
100,195
135,700
128,785
142,158
157,290
83,420
165,330
29,99
134,675
18,45
34,183
9,207
28,498
50,102
9,585
165,857
100,674
126,539
160,719
152,263
13,376
57,621
184,73
4,953
54,672
126,951
21,480
164,63
93,572
191,961
107,842
95,814
182,60
158,273
136,42
188,73
78,80
56,984
133,100
26,743
60,545
99,195
50,539
169,255
146,641
46,572
192,572
107,765
28,785
164,591
92,691
118,720
171,438
27,171
47,564
103,517
87,674
41,547
154,454
91,925
81,564
84,866
96,423
196,649
111,846
186,332
156,247
145,559
55,385
197,564
191,261
93,985
116,459
102,1
186,36
73,611
5,531
35,912
78,7
77,228
55,877
81,23
198,842
177,843
71,942
142,524
143,585
147,159
25,39
118,365
40,142
68,376
150,256
60,263
77,95
147,410
146,940
56,752
20,741
84,812
124,178
125,846
177,720
148,840
25,610
165,308
10,749
148,391
21,799
15,944
198,343
90,901
112,427
31,891
198,233
192,669
155,951
3,650
200,648
98,56
79,537
11,327
139,579
39,335
129,715
57,157
13,690
188,403
115,771
153,590
130,93
57,443
75,806
101,152
34,345
22,488
147,764
13,562
103,269
22,409
129,445
199,715
34,781
35,493
144,203
125,405
167,586
51,575
158,754
135,253
63,74
69,796
111,332
176,947
148,92
29,688
106,434
94,357
49,329
89,609
168,25
198,313
44,359
158,842
114,639
38,452
12,947
60,205
176,383
40,776
187,874
22,116
190,56
63,972
159,949
38,890
74,15
88,711
29,313
116,483
6,340
54,758
138,217
53,560
134,769
67,562
124,638
187,145
178,716
172,19
97,597
170,540
12,262
44,62
73,206
179,633
70,55
120,671
3,69
100,677
70,679
169,369
28,20
75,889
167,396
60,390
131,727
26,926
81,497
153,545
23,191
51,513
118,575
183,23
11,254
136,313
86,502
101,763
41,19
89,701
91,364
161,310
61,514
71,832
16,641
66,900
100,912
8,967
143,972
72,231
39,350
101,673
36,90
187,392
134,984
174,628
161,703
59,428
62,587
40,437
80,932
155,338
115,556
34,212
168,142
149,555
176,820
52,884
36,317
177,723
135,932
35,441
198,149
168,956
145,940
41,326
18,571
137,972
185,122
48,326
38,745
8,784
82,902
106,985
106,311
114,764
164,956
190,281
39,798
49,110
34,190
7,781
157,632
69,621
146,628
60,611
60,237
176,27
92,82
177,799
123,138
129,867
155,481
183,666
96,189
100,504
122,141
42,198
58,34
105,783
4,948
70,974
106,228
191,688
52,776
53,68
46,950
113,888
158,502
177,333
118,909
64,438
104,795
11,623
189,845
98,738
81,404
157,962
191,586
153,550
135,657
181,806
10,534
28,463
117,847
11,899
63,532
138,406
189,41
143,397
133,784
162,986
13,195
75,451
102,906
78,793
74,473
43,433
76,628
14,707
133,926
37,475
166,463
24,740
129,116
47,798
150,961
179,560
35,403
106,332
116,26
46,465
152,919
183,918
52,904
117,93
65,332
178,665
183,816
42,736
188,127
24,117
181,461
163,372
22,537
182,394
187,811
131,627
41,388
141,390
12,787
44,935
86,580
169,884
39,167
38,184
197,730
14,430
79,317
187,788
115,296
161,186
31,921
34,984
52,4
160,784
65,13
118,510
128,557
2,623
127,244
56,603
169,488
117,420
114,82
154,615
2,251
141,285
159,644
143,840
54,51
48,152
15,669
90,38
38,875
9,684
148,859
155,306
85,943
23,51
28,427
46,166
173,292
157,677
178,717
153,587
144,182
117,768
149,369
10,96
197,307
83,378
98,840
18,777
110,864
141,67
75,483
35,125
178,881
71,338
135,424
135,215
179,215
157,60
28,586
187,645
136,90
124,742
177,620
181,295
110,624
82,266
135,589
160,363
34,630
145,509
134,747
162,510
127,828
47,905
157,239
182,298
50,2
31,25
120,641
31,756
54,819
158,425
106,47
86,359
144,826
164,218
3,656
52,707
73,261
18,316
77,519
141,332
197,7
30,703
86,350
102,742
146,631
8,853
45,199
85,854
87,945
173,491
122,817
10,662
35,494
40,643
118,914
138,918
86,474
106,951
191,58
134,307
145,743
174,324
143,549
5,214
148,702
85,819
91,68
39,288
8,348
97,642
137,863
43,585
156,399
48,610
30,886
193,316
181,879
81,727
9,279
106,89
128,899
61,381
116,850
78,222
135,310
45,115
96,804
10,797
52,936
24,455
130,26
124,927
129,158
49,349
124,751
135,318
199,336
37,788
26,842
133,693
34,211
186,38
118,397
183,886
134,119
2,319
12,704
153,893
23,342
120,911
12,106
134,785
169,764
80,24
148,777
80,655
54,329
52,198
74,284
137,327
198,452
172,121
70,153
41,281
30,16
160,574
132,105
53,556
90,563
82,278
37,966
181,824
73,588
63,176
19,319
157,914
87,554
114,52
34,30
121,925
173,52
28,393
14,89
110,402
46,722
153,913
152,645
177,717
115,632
92,320
86,838
51,731
195,687
137,81
194,783
120,582
34,96
179,480
25,467
80,701
165,728
197,477
121,238
58,148
158,265
94,402
47,717
171,339
84,465
125,31
17,487
29,360
123,473
44,290
197,357
155,589
33,521
27,416
183,816
28,334
143,666
19,812
78,546
119,411
152,424
62,636
63,562
41,998
124,394
17,349
54,834
178,606
111,804
112,581
88,558
178,242
45,679
172,80
190,954
183,588
125,118
152,611
119,334
143,100
114,181
79,979
104,72
154,112
176,834
153,790
98,336
127,661
170,63
24,223
36,909
149,925
194,652
1,776
38,677
39,464
137,299
100,631
148,458
51,211
175,899
82,307
146,814
174,312
112,736
89,92
150,9
157,523
104,868
33,873
76,64
95,923
141,992
14,1
181,574
92,113
73,887
8,241
111,720
152,404
161,326
183,392
104,391
112,559
55,679
45,487
36,193
143,394
93,861
107,158
74,894
172,129
35,12
19,664
5,148
185,907
125,674
112,999
35,87
36,658
107,881
117,916
179,619
109,639
47,466
131,435
142,840
116,394
91,232
48,435
155,8
148,511
188,243
183,514
69,421
140,591
94,35
10,582
124,722
95,116
149,494
177,82
37,748
188,540
193,798
72,477
133,81
134,912
157,91
63,484
162,760
170,984
172,80
176,649
139,818
149,320
157,55
88,548
200,12
121,465
132,928
121,588
188,340
108,362
76,297
43,37
178,946
153,768
78,745
145,267
16,645
122,593
44,587
14,673
75,829
189,640
7,294
125,85
33,518
20,872
72,259
34,631
72,282
66,15
190,115
155,179
152,757
39,675
115,379
45,268
180,242
125,186
136,883
9,352
22,991
38,610
40,858
127,771
106,789
99,244
170,451
186,653
43,216
148,752
89,56
165,271
194,840
30,54
43,476
103,488
78,488
192,972
193,945
137,240
98,700
181,400
122,269
38,544
112,13
74,950
115,392
174,324
136,700
11,100
137,653
91,980
111,626
167,879
70,344
70,274
26,262
168,599
101,473
198,692
192,248
188,689
151,789
50,533
87,694
177,185
81,561
3,689
3,852
18,13
106,101
135,107
176,457
90,225
186,291
65,198
9,25
159,95
15,962
153,673
56,974
154,654
32,726
31,89
155,134
97,673
196,922
166,580
48,918
29,713
48,260
76,479
170,959
20,655
117,945
71,788
110,709
171,789
198,332
66,166
200,76
71,796
16,392
100,341
16,265
68,183
113,72
126,951
52,625
101,183
166,504
28,148
139,788
111,224
158,659
28,935
114,733
67,106
9,75
19,586
187,257
199,457
5,919
128,153
168,656
1,956
10,681
100,273
39,717
85,927
101,589
1,528
182,963
198,503
123,447
104,865
187,800
18,554
58,4
99,978
177,838
200,494
32,581
138,958
92,342
175,311
103,57
162,982
166,93
94,548
88,83
118,779
197,297
166,208
46,568
11,991
99,677
49,307
179,400
28,646
177,368
125,87
162,449
189,195
36,37
50,26
185,608
62,501
100,65
139,659
79,512
137,989
116,990
5,38
87,58
87,807
185,44
104,122
55,827
168,684
134,470
174,892
138,153
190,594
60,948
19,38
189,145
126,670
5,483
159,47
63,719
167,134
4,177
162,52
79,841
25,468
157,175
152,66
28,117
128,610
158,226
17,824
52,437
87,831
189,695
103,333
31,1000
176,590
140,141
83,857
55,783
12,608
45,344
17,124
71,145
194,426
44,714
95,567
43,450
63,948
149,42
35,103
162,628
97,797
41,17
125,83
2,8
46,949
23,724
167,608
73,427
178,827
198,488
178,130
53,147
164,278
134,462
106,245
45,626
178,39
153,185
184,512
157,974
23,643
78,357
108,5
143,242
50,121
136,98
159,371
195,553
130,225
119,789
161,676
54,284
14,199
29,816
39,702
122,510
46,164
172,945
12,56
166,373
73,215
112,258
86,632
195,465
12,107
190,54
138,181
41,805
8,497
132,119
19,917
61,739
114,607
149,334
108,204
192,694
84,236
200,113
84,234
26,243
189,423
52,385
57,76
121,600
125,56
112,149
56,951
157,466
46,397
96,140
118,738
50,648
92,999
70,208
86,131
9,709
146,62
72,140
29,873
120,470
108,176
195,352
57,908
76,619
41,809
164,976
157,928
44,592
142,876
59,89
106,878
134,501
56,606
122,858
119,286
4,748
110,754
64,254
84,445
149,228
152,969
39,936
147,920
2,428
12,42
121,752
197,517
9,436
136,404
123,830
179,842
26,464
127,247
22,572
193,13
178,750
105,973
56,136
92,303
62,664
24,17
123,686
79,166
181,471
147,766
150,25
117,475
198,142
181,416
48,809
95,642
119,721
163,2
161,73
99,915
177,341
136,34
76,437
193,277
179,969
157,556
148,814
54,807
176,83
159,902
86,754
15,528
173,373
14,114
99,375
120,634
11,375
94,180
166,573
181,69
144,727
199,210
36,343
62,553
30,665
123,756
193,595
180,215
193,763
195,231
83,362
69,516
175,434
71,56
17,382
89,464
125,514
135,850
32,482
182,545
174,846
137,922
75,463
159,377
173,969
178,829
17,193
118,90
21,401
46,296
20,112
43,283
29,714
38,509
39,896
53,534
161,24
76,427
175,555
34,486
89,431
114,756
166,22
75,194
17,23
60,855
134,661
86,422
149,352
168,662
84,498
152,682
179,543
141,456
118,312
146,136
79,176
67,233
124,381
74,789
13,152
91,292
117,980
43,634
42,729
138,293
47,997
45,860
182,710
171,814
40,166
61,120
11,325
148,130
113,267
95,189
53,576
182,36
171,325
89,152
96,460
139,999
42,547
78,125
7,415
128,787
38,971
118,951
82,160
2,994
190,560
130,340
166,723
76,486
75,993
194,588
171,151
145,747
114,347
177,116
188,491
11,143
174,565
30,316
7,412
159,862
57,457
92,95
84,57
156,657
50,598
135,228
197,285
51,24
22,552
115,694
172,981
23,1000
132,404
50,503
82,618
155,524
15,931
171,370
102,152
184,875
110,379
99,382
4,292
89,360
79,457
144,90
56,746
114,760
107,823
114,296
42,826
187,994
109,747
107,143
151,613
23,148
54,311
122,889
135,344
17,956
152,775
97,91
2,420
164,937
70,425
45,570
119,728
146,774
36,205
48,853
98,297
142,503
11,843
78,855
150,312
127,573
190,475
58,28
1,158
68,308
164,855
163,484
32,670
171,915
74,428
46,504
177,661
63,30
31,784
71,505
18,614
191,371
149,493
145,447
67,644
176,488
178,838
31,383
132,751
148,18
67,167
149,60
38,328
119,900
178,139
92,168
14,280
93,430
163,934
92,50
75,299
136,655
20,527
50,785
161,188
196,97
154,771
43,557
83,894
81,847
176,820
78,278
176,715
177,372
25,548
149,361
37,14
36,531
73,382
200,497
106,349
42,105
56,159
129,227
49,815
144,629
177,852
135,867
137,730
142,720
194,822
30,428
118,939
20,120
34,946
5,492
90,320
177,372
36,837
114,912
153,536
196,994
88,177
182,312
8,763
31,228
33,878
178,146
177,233
79,129
54,134
21,436
177,782
29,80
5,794
124,776
111,44
51,111
9,813
169,526
152,61
121,122
65,45
17,309
171,11
194,99
32,943
155,211
151,923
52,190
172,360
8,93
38,867
192,965
72,972
149,357
91,165
129,800
187,628
62,518
146,70
26,840
149,782
4,542
56,733
50,988
73,176
194,551
2,997
186,102
55,943
130,872
182,487
94,715
151,190
113,690
28,186
91,389
109,220
132,234
105,116
195,322
32,478
29,533
35,508
196,370
181,296
143,740
11,85
84,506
30,395
73,468
154,754
80,704
114,232
142,418
75,876
110,194
18,917
122,962
174,377
46,14
173,504
173,108
102,449
134,675
174,88
31,147
102,411
178,605
27,760
44,67
94,999
51,347
52,610
104,126
60,859
109,743
128,286
196,731
197,596
152,280
194,809
165,966
103,365
122,683
155,973
104,497
131,286
38,787
117,111
32,257
126,510
60,644
35,31
26,756
14,851
18,511
174,28
46,392
155,696
84,157
78,637
160,99
195,79
170,770
134,786
127,812
120,207
76,678
128,503
130,268
139,352
139,560
5,976
196,33
111,902
31,393
116,323
97,454
118,37
9,182
143,676
200,311
181,169
126,442
35,320
184,399
125,783
29,583
173,503
169,568
176,553
147,482
122,576
41,519
15,401
68,507
152,995
97,632
174,362
197,292
83,63
8,605
12,132
94,358
190,598
7,784
161,350
98,100
110,354
92,422
90,58
170,251
64,241
166,320
152,87
177,68
79,118
87,174
6,552
84,39
118,674
109,582
132,924
108,274
6,713
121,603
6,325
97,585
100,331
147,101
126,103
177,692
53,345
128,515
196,684
87,171
158,307
94,993
112,207
128,651
20,861
138,220
74,272
13,305
147,412
58,640
191,981
24,735
149,98
152,345
70,69
146,821
136,487
110,215
89,815
20,668
78,517
77,444
170,553
81,205
107,412
65,640
132,465
172,782
141,185
5,643
181,529
48,591
128,219
170,986
191,961
120,275
164,546
158,874
197,929
112,958
145,745
161,62
134,206
94,474
38,247
39,765
176,784
77,865
112,421
82,881
17,650
53,867
106,274
74,662
42,263
176,616
61,416
62,117
39,197
8,252
80,476
125,574
112,433
166,928
10,207
41,280
35,30
67,809
72,675
141,181
165,873
11,987
185,498
6,57
22,322
155,306
17,923
105,919
94,688
169,907
24,407
186,863
36,242
29,585
189,513
31,535
171,849
149,973
199,954
135,258
128,906
24,244
154,126
198,827
81,338
150,755
100,826
192,762
61,958
109,224
37,110
45,220
71,451
105,261
151,58
126,547
96,717
29,325
140,434
122,700
64,987
72,901
38,372
122,733
95,842
79,22
166,991
156,36
190,679
14,708
172,246
65,566
99,317
164,982
180,372
176,125
137,888
61,879
114,398
3,932
101,950
66,309
24,959
194,242
77,216
42,938
113,647
82,901
197,660
105,809
9,281
21,843
200,964
126,483
189,423
86,735
109,898
26,845
42,716
67,519
17,361
108,617
187,833
141,756
84,465
178,29
196,54
165,657
48,646
114,811
165,140
1,411
52,644
79,322
148,85
29,162
64,529
183,993
197,851
167,782
34,868
153,703
106,812
82,463
123,895
189,137
67,178
176,608
84,819
73,204
22,425
95,187
101,898
97,968
147,230
6,971
6,946
143,663
157,642
59,929
23,998
119,204
68,719
44,51
103,633
110,615
67,153
23,982
95,175
146,121
4,736
135,446
198,943
117,848
173,507
31,230
183,209
49,969
69,295
192,507
98,134
111,877
53,615
56,844
73,745
174,194
108,185
105,812
38,30
75,1000
68,242
159,462
64,379
150,701
166,470
22,11
121,137
83,998
178,408
176,218
183,393
182,434
189,612
66,75
25,571
16,54
86,954
61,483
91,621
172,991
154,727
192,830
12,6
65,517
159,391
78,405
172,380
34,992
144,43
149,184
67,174
129,505
87,899
120,136
23,325
182,544
111,146
67,120
81,46
33,512
72,766
93,949
111,290
68,628
195,949
68,530
81,447
43,324
189,504
196,973
39,570
169,652
113,55
49,153
14,236
47,37
121,267
42,723
120,447
30,917
127,42
114,366
182,575
125,469
127,116
185,888
38,127
90,96
53,890
73,185
44,768
131,843
70,577
170,600
55,598
2,539
197,585
47,427
20,253
197,511
174,97
85,27
73,698
175,125
101,383
152,952
28,858
83,158
8,84
118,851
182,676
123,465
161,979
69,609
169,6
85,994
12,672
160,974
116,333
188,752
146,133
55,884
13,821
165,290
83,818
15,762
19,561
155,391
24,409
66,183
62,989
198,887
103,92
6,873
54,167
100,799
104,292
166,771
168,158
31,306
126,821
111,754
80,926
176,618
34,368
171,99
95,525
52,502
115,907
100,488
69,577
154,434
24,775
109,831
95,629
48,445
162,437
24,42
132,350
119,693
58,664
176,731
40,954
127,540
162,663
135,86
75,480
112,82
123,308
39,131
176,925
77,862
64,536
110,303
146,49
142,79
12,526
28,523
109,423
25,476
170,738
146,833
65,364
66,600
21,788
129,17
30,759
170,474
46,806
47,864
101,47
22,427
181,305
81,602
186,466
194,687
116,639
68,350
48,217
48,81
192,619
67,893
173,109
112,548
5,6
102,120
4,176
168,489
118,709
104,890
169,989
191,617
186,499
78,634
158,370
177,690
177,692
102,824
78,90
33,139
4,196
29,836
5,713
49,880
7,215
124,665
38,666
62,447
161,879
138,196
23,309
198,475
38,486
109,23
30,171
40,757
180,456
125,483
6,881
116,600
63,207
76,584
101,53
86,9
27,646
183,443
107,869
127,755
149,611
188,568
75,38
125,410
125,526
152,743
157,958
174,927
125,238
183,63
136,20
109,591
81,567
17,275
166,428
122,120
127,638
166,356
115,715
112,22
42,295
186,197
121,353
113,238
130,225
151,931
176,348
155,874
184,673
120,135
76,741
183,400
107,854
173,669
189,369
121,819
42,637
54,290
177,768
23,684
124,133
45,205
41,621
126,104
107,966
127,311
61,215
143,49
5,368
67,366
174,163
45,848
129,33
17,346
111,117
159,233
31,576
58,499
67,349
91,788
12,789
143,274
39,874
177,895
132,619
172,107
181,52
113,819
118,986
194,114
28,801
157,625
27,844
144,43
130,108
43,646
31,892
53,933
93,161
187,300
182,453
196,519
128,751
26,158
166,373
86,839
36,126
52,450
107,788
197,7
63,855
122,350
74,518
44,88
69,382
184,773
107,370
162,681
63,156
193,772
136,432
59,142
110,424
105,920
118,975
133,814
175,371
8,454
38,789
3,735
133,967
18,87
87,323
103,791
43,445
16,403
195,38
170,945
165,155
148,60
162,731
170,897
134,997
76,430
103,908
175,718
142,895
78,739
191,322
89,9
72,922
136,626
38,718
104,457
165,211
140,640
159,668
114,715
89,909
167,415
199,203
78,87
10,551
86,400
186,737
190,901
33,533
139,291
55,96
131,566
80,534
88,776
163,164
6,29
139,607
67,248
199,312
186,433
130,114
188,62
96,266
161,520
91,127
13,775
167,964
32,460
77,587
189,6
117,348
61,825
191,596
145,732
161,682
137,865
153,240
90,307
73,683
184,587
173,144
183,387
134,756
64,108
84,529
150,198
200,370
117,101
38,729
109,849
106,84
24,64
109,910
34,488
55,457
20,379
174,539
104,603
144,532
200,405
68,599
128,652
109,451
177,954
126,750
107,844
42,148
130,131
125,729
118,133
181,526
136,121
178,218
117,485
9,765
41,967
144,379
31,617
105,113
31,379
147,297
11,536
40,121
96,313
96,311
76,498
8,811
37,146
151,432
13,960
79,911
73,221
47,839
190,501
1,126
141,358
18,892
12,428
124,587
80,580
116,922
87,801
97,487
185,854
156,136
196,142
130,652
118,780
116,684
115,153
187,334
23,820
160,681
160,420
100,239
102,348
139,47
172,912
114,754
72,662
23,887
43,725
7,586
162,816
198,725
80,575
166,127
165,573
22,198
159,555
148,776
14,981
146,535
49,769
122,515
5,124
169,959
137,185
5,282
53,252
181,860
149,455
22,827
137,622
83,412
151,47
126,883
6,349
112,185
107,25
136,325
98,264
24,118
26,555
44,293
37,188
66,787
23,158
79,976
105,695
44,61
158,985
84,186
7,731
15,306
100,102
82,146
106,915
83,265
97,965
31,54
52,246
193,612
151,243
127,521
193,517
99,973
30,276
16,326
119,567
105,68
124,30
105,649
60,936
5,276
142,987
151,692
26,253
196,569
167,805
33,312
146,417
115,86
163,513
53,802
37,383
139,173
63,551
109,985
143,463
11,2
119,985
159,297
168,996
43,1
16,956
124,280
154,257
175,390
90,863
162,218
150,861
131,289
12,166
190,547
145,72
77,92
102,716
32,851
36,743
143,287
111,216
157,517
82,906
175,969
88,651
67,771
182,464
70,252
170,330
88,216
118,983
154,337
5,936
178,137
166,945
1,624
122,5
3,689
45,424
143,917
179,721
126,781
101,552
21,807
167,667
20,552
8,914
172,456
173,127
91,996
97,848
154,367
100,182
197,832
179,9
32,474
95,959
50,456
3,227
191,21
195,288
175,944
182,367
50,93
158,641
78,828
184,227
60,506
93,38
72,505
181,724
156,215
2,201
164,406
29,891
72,583
129,506
44,566
50,676
190,580
173,699
155,579
45,67
151,132
191,67
33,266
146,877
59,903
134,747
71,197
174,24
178,695
137,630
65,698
144,905
117,3
110,657
173,966
167,54
83,443
105,281
32,697
133,478
127,371
133,778
12,906
185,230
13,285
108,546
115,324
2,402
50,343
21,902
147,828
7,756
58,707
109,981
20,940
64,202
43,338
80,65
161,641
25,29
123,443
7,607
161,958
86,861
65,254
28,485
62,982
88,853
14,842
86,533
61,967
19,795
154,635
113,783
25,641
115,593
32,88
16,939
9,387
81,912
178,67
33,64
114,57
78,626
161,443
17,105
174,58
144,54
76,871
98,412
25,633
193,421
60,886
154,807
169,639
3,465
99,476
110,902
159,635
26,348
167,961
173,802
7,465
133,337
151,198
28,106
4,610
183,70
152,809
50,927
147,130
164,522
66,364
108,493
186,636
114,191
63,141
12,62
33,320
150,447
132,983
167,773
92,319
150,907
139,795
38,151
121,317
155,352
75,378
3,531
151,674
174,149
15,244
130,839
144,880
14,433
89,201
52,656
52,805
18,350
49,684
122,712
178,479
154,710
85,873
149,580
86,631
77,429
85,167
27,466
11,508
57,943
1,655
58,710
59,478
160,219
62,493
189,787
85,827
190,385
53,410
48,846
2,372
3,76
92,31
143,118
37,298
113,200
162,600
196,369
12,999
8,204
51,291
45,225
68,737
45,348
142,252
46,201
6,181
68,933
26,22
174,141
98,671
29,347
54,313
117,246
95,829
96,677
44,964
135,819
160,903
112,900
183,67
31,148
34,814
49,197
137,388
178,384
82,614
110,652
63,944
12,782
158,602
49,875
138,302
39,336
64,55
162,815
72,894
33,872
131,992
150,908
126,215
187,84
121,810
170,630
17,172
131,398
193,904
166,770
131,384
128,532
119,184
83,730
96,539
178,495
184,979
127,486
69,596
103,654
150,666
10,213
57,917
52,463
61,406
56,314
109,911
97,586
41,958
96,261
141,87
35,770
22,303
114,532
91,236
150,43
120,525
160,345
110,462
120,443
105,377
128,325
70,392
7,184
114,240
68,661
20,368
22,302
129,526
140,660
21,805
71,949
59,101
31,74
93,40
140,206
86,202
173,338
65,310
191,836
197,700
71,196
181,619
36,876
193,734
190,557
67,9
198,307
73,843
89,802
104,969
104,842
149,776
168,13
121,670
132,780
39,887
102,234
59,741
192,215
122,240
133,602
142,776
120,740
119,349
22,321
49,440
198,965
179,428
54,450
116,874
143,31
96,143
148,895
33,313
189,10
128,830
169,855
91,348
58,430
109,703
193,414
196,798
177,551
77,334
151,24
146,805
9,945
36,158
85,582
162,819
155,936
156,588
101,391
53,972
101,66
137,396
49,487
28,337
146,986
116,655
78,96
44,107
173,567
46,33
177,618
126,28
48,204
18,934
99,291
53,239
75,676
135,72
117,59
95,531
3,176
84,881
106,401
41,114
34,550
108,490
191,71
100,979
53,134
53,318
111,838
182,681
122,163
155,589
80,602
52,515
184,702
118,283
52,8
37,457
17,845
103,620
64,539
85,933
146,901
126,472
119,590
11,755
24,295
166,903
117,356
180,863
183,812
77,401
157,844
45,426
64,184
159,751
111,469
99,933
169,188
179,583
25,403
179,969
12,246
41,281
161,551
75,683
18,715
186,740
56,931
127,422
196,567
32,378
20,774
27,517
197,799
84,420
116,169
65,213
130,46
119,28
19,655
178,692
192,473
98,352
191,409
50,407
10,11
65,118
182,940
35,335
172,767
119,497
119,70
22,562
169,249
183,973
113,144
121,841
72,862
42,175
5,622
26,182
76,128
137,760
101,173
20,688
196,12
174,280
40,452
92,183
56,732
9,915
173,546
56,453
179,49
163,831
134,657
170,734
169,919
27,400
177,316
114,54
154,5
13,791
97,786
52,952
64,384
62,205
24,17
108,29
4,346
50,697
172,65
57,982
25,817
171,172
186,172
12,426
132,111
84,331
144,642
49,640
54,957
139,405
110,124
60,219
28,366
83,178
4,412
168,324
4,399
55,470
57,68
169,835
72,666
160,378
12,69
56,421
78,786
154,512
27,730
138,811
146,176
65,983
25,615
84,647
179,398
174,947
198,711
35,341
45,651
195,906
177,326
171,494
18,344
5,624
150,460
98,524
164,760
60,516
151,722
4,239
6,632
195,919
32,317
61,756
110,776
63,635
21,62
36,384
128,304
52,156
97,210
165,39
61,946
186,613
114,757
85,138
72,326
165,806
195,41
134,811
107,664
74,769
7,235
188,340
88,249
53,553
14,929
171,255
176,713
185,228
156,894
98,534
83,188
114,645
2,67
126,72
50,54
163,145
53,129
24,178
152,563
53,242
130,81
110,743
120,319
43,739
51,251
109,181
156,255
78,293
148,460
163,207
70,884
124,82
93,408
97,172
121,452
109,518
157,753
111,779
40,840
124,21
196,391
110,875
22,778
77,610
138,157
142,745
45,264
98,475
79,465
73,385
144,621
124,74
86,140
184,481
51,159
49,5
4,883
129,748
186,384
126,415
107,963
102,994
191,383
99,502
79,657
151,73
105,907
10,944
32,395
145,167
50,782
112,981
66,790
193,740
90,522
182,501
163,706
95,714
15,667
99,949
109,754
64,249
123,36
93,647
181,693
8,715
171,661
38,268
155,467
175,151
66,254
155,593
170,862
42,13
30,790
24,660
183,939
99,408
181,601
21,531
49,898
109,170
110,259
178,310
129,991
137,675
98,601
79,752
106,771
187,891
23,112
163,587
199,817
89,834
37,276
192,215
192,408
179,316
2,173
126,2
25,72
199,714
107,538
107,671
74,751
111,175
46,384
48,721
35,203
125,187
129,972
29,462
146,834
55,191
52,61
192,188
195,197
67,924
105,452
161,935
160,112
163,171
21,301
22,387
32,284
17,351
8,600
61,490
125,689
195,104
3,63
69,770
2,682
150,809
11,100
55,535
2,385
155,533
195,273
125,485
194,346
155,440
87,380
175,912
88,323
62,964
93,682
103,388
157,59
92,895
85,826
26,4
117,892
179,412
186,856
36,27
155,126
136,287
180,770
64,378
116,634
176,675
122,528
106,677
49,4
164,981
83,18
163,369
12,993
189,334
174,455
60,622
125,410
190,628
21,357
110,962
122,675
180,927
26,752
99,301
156,200
183,147
134,898
147,804
184,517
9,131
128,816
23,309
173,562
120,173
115,978
30,494
170,554
62,250
55,175
193,967
169,717
23,109
112,733
8,165
84,925
99,785
72,226
185,264
171,488
172,127
171,140
137,649
186,504
24,815
178,341
58,955
148,785
154,67
165,352
97,933
184,761
189,743
98,670
165,804
144,990
112,828
60,229
67,119
75,90
29,92
88,759
152,960
49,763
30,587
95,131
81,977
98,591
189,2
80,64
152,549
49,868
100,434
82,790
94,817
174,957
33,533
170,617
152,228
28,405
3,552
118,324
38,836
76,858
57,512
175,467
38,616
73,150
192,682
180,36
154,328
80,515
177,127
71,869
181,588
123,647
56,507
75,722
97,61
86,157
184,216
188,957
58,718
189,54
199,184
125,745
101,307
169,935
41,23
141,402
87,433
174,485
90,776
101,401
19,541
187,290
73,714
50,718
141,404
25,135
83,771
149,887
14,871
182,312
118,671
42,592
36,453
179,495
75,919
38,215
56,824
192,201
189,667
3,371
186,877
148,105
174,805
38,386
110,696
44,949
15,99
92,998
122,184
14,121
132,666
87,608
112,994
39,643
185,414
63,35
31,247
102,501
78,705
153,978
45,669
191,385
199,709
172,675
23,797
119,886
167,392
71,648
168,456
95,12
31,120
22,125
126,657
172,931
131,231
6,601
147,587
123,281
178,764
25,814
152,186
99,496
166,720
112,306
147,129
26,334
17,731
138,190
104,833
180,21
101,570
138,803
136,501
17,532
150,552
183,839
167,128
193,772
54,989
169,920
31,186
154,712
47,6
143,458
81,126
11,132
148,212
168,166
23,576
66,872
193,36
22,128
130,306
94,990
140,176
109,968
169,1
64,308
12,969
133,927
76,675
137,456
36,591
126,712
81,536
91,621
138,523
54,705
26,679
12,243
10,193
37,307
56,981
35,617
142,222
152,368
72,132
187,638
109,77
141,262
67,391
167,926
42,410
117,86
66,693
109,963
178,147
138,209
19,645
188,276
163,714
166,198
183,382
145,674
166,841
131,620
42,430
40,324
112,389
7,988
155,254
20,277
32,545
29,701
141,417
17,338
164,92
93,932
86,797
70,150
58,281
3,101
97,993
57,388
27,802
32,180
135,746
79,603
126,98
136,358
180,586
73,565
70,623
26,919
13,175
82,970
193,399
47,354
190,695
137,565
153,904
104,489
152,131
67,10
176,526
183,160
169,130
37,388
146,754
69,55
186,655
95,725
200,256
174,624
108,724
118,188
113,363
120,515
74,283
110,534
184,903
59,313
163,879
23,971
79,417
198,321
24,650
21,79
187,246
24,170
148,59
22,762
74,568
127,828
3,986
109,694
131,955
188,140
123,510
132,702
174,910
137,715
32,416
4,632
49,933
191,8
183,436
180,548
192,354
63,757
170,974
136,701
156,44
156,460
44,691
196,537
58,180
20,376
35,527
91,976
14,433
127,389
44,383
29,347
174,256
139,872
197,879
31,298
77,495
76,272
55,3
189,647
146,404
56,946
79,952
165,528
10,958
119,914
159,869
125,59
92,7
158,472
85,306
91,110
2,359
185,191
103,364
3,104
111,504
51,87
136,527
40,421
32,936
125,8
40,788
169,257
58,482
102,384
77,374
110,914
47,550
69,112
113,673
113,166
36,363
192,445
2,368
182,204
29,195
73,42
35,405
108,762
85,923
9,165
171,204
123,983
171,273
31,432
126,564
127,820
175,732
33,333
193,783
200,903
103,514
186,946
190,864
100,135
29,981
28,812
6,130
40,353
129,14
197,701
61,54
174,850
88,440
153,756
3,445
123,297
73,498
22,780
110,254
159,157
187,524
48,256
72,786
30,885
68,718
64,683
110,204
122,724
27,718
187,515
157,186
49,876
152,645
163,153
59,124
34,411
10,281
50,952
38,437
5,632
52,94
14,390
105,538
79,717
163,237
57,345
110,491
16,523
110,660
14,312
29,276
94,288
90,729
108,253
82,917
13,187
11,1
14,677
191,330
55,293
121,287
156,104
111,190
65,972
126,373
86,312
29,100
172,14
175,566
198,883
34,340
93,760
93,761
200,604
136,620
96,244
167,283
54,599
99,90
28,134
162,761
155,124
11,601
168,838
49,198
181,457
26,77
140,634
88,309
186,486
195,207
137,739
40,45
33,197
108,564
183,259
195,874
144,999
89,917
94,460
162,735
31,933
112,70
124,430
135,954
129,810
6,171
154,281
179,991
34,297
12,979
145,63
178,195
190,835
102,507
176,546
132,995
20,170
113,769
131,394
144,799
100,411
156,279
53,189
1,164
147,224
152,714
3,901
132,467
129,725
185,538
67,311
57,304
182,275
142,122
44,230
12,547
61,299
11,655
38,965
72,950
35,277
14,658
64,844
54,548
30,2
167,356
162,620
95,333
22,970
181,906
141,271
185,137
105,920
157,302
84,59
161,836
3,844
92,225
188,989
72,181
66,995
5,551
169,889
200,962
200,598
28,740
191,705
98,969
168,264
161,650
155,565
53,837
114,226
84,276
53,596
162,828
193,405
40,457
60,748
186,445
95,152
123,96
127,186
118,190
46,194
146,503
187,185
166,289
6,318
42,907
46,838
101,704
156,193
18,147
19,437
63,466
166,994
104,103
186,540
36,745
193,828
4,618
26,387
99,22
29,847
4,782
165,958
12,136
64,789
22,275
37,962
161,615
4,812
3,981
28,556
189,838
87,874
182,88
52,143
123,778
145,914
114,836
42,315
85,491
40,250
15,557
178,274
161,557
32,22
12,106
140,304
27,524
107,146
1,935
58,25
59,438
99,151
91,672
74,232
176,394
176,906
184,843
29,504
44,113
58,105
73,366
20,631
86,122
93,946
22,918
12,620
39,183
110,544
86,615
47,696
109,154
171,704
78,640
74,357
27,278
128,678
95,956
68,831
183,818
20,808
1,883
39,797
168,151
82,152
100,458
185,816
123,835
18,116
148,438
187,286
38,93
83,131
47,786
99,362
82,507
109,493
178,997
106,617
163,342
36,822
168,944
63,393
108,563
128,552
137,505
137,550
59,394
22,595
184,432
135,592
199,711
192,225
180,90
61,371
1,209
5,372
143,486
35,944
29,62
90,370
200,839
36,302
118,148
142,996
108,249
54,848
58,58
192,142
31,986
179,721
37,387
188,27
179,989
109,381
14,719
28,679
149,76
123,858
153,892
41,31
38,375
37,81
63,79
4,583
107,154
196,187
121,762
36,767
136,716
77,482
106,740
87,455
166,712
4,294
29,160
16,903
165,33
155,770
45,516
42,12
102,853
109,697
117,568
183,850
67,942
147,514
79,727
59,434
41,279
24,535
97,974
33,761
55,411
159,58
57,402
48,843
191,1000
144,620
20,837
178,480
123,321
168,658
104,848
98,169
14,823
96,663
109,200
70,112
27,80
93,618
200,867
86,29
62,289
42,555
28,67
55,612
3,775
80,193
142,207
164,952
9,247
69,88
146,579
12,578
124,47
13,323
24,967
80,9
92,770
73,982
102,513
50,323
193,401
186,365
34,720
173,100
85,418
190,516
26,515
199,154
7,602
98,489
151,890
10,298
42,156
175,475
21,907
161,96
184,238
56,827
175,670
37,788
184,165
129,529
187,624
167,536
197,350
115,805
34,348
75,369
160,877
111,41
183,793
175,397
62,214
157,622
20,982
40,581
161,510
25,825
4,147
197,892
80,561
23,511
25,466
81,174
76,166
18,287
148,373
91,92
19,184
182,791
118,265
122,263
196,898
114,666
36,963
32,996
146,500
11,373
74,411
105,878
159,940
175,133
113,376
132,866
160,975
81,383
22,699
106,519
116,270
175,44
159,660
15,759
63,717
144,9
40,874
27,298
97,163
146,409
19,229
100,896
119,686
24,358
120,480
165,548
120,112
22,185
188,111
102,787
111,205
103,337
17,325
88,619
125,218
180,760
122,118
72,466
10,559
40,972
121,150
164,219
82,582
9,616
199,390
16,959
93,809
111,485
55,56
55,889
6,976
195,701
109,277
65,651
46,86
37,71
71,415
21,306
183,463
108,538
55,686
67,189
14,95
110,351
193,305
43,204
90,965
108,494
122,549
177,803
42,989
179,448
91,935
178,585
100,843
3,575
153,204
20,741
171,593
158,149
83,681
188,761
189,751
82,15
39,919
118,957
38,512
82,117
173,417
68,534
185,4
116,966
33,650
116,655
149,100
10,224
191,193
108,714
140,793
43,616
97,222
90,215
49,996
174,591
4,380
94,17
78,919
79,515
32,717
128,665
117,424
106,361
91,849
139,437
134,998
196,344
30,949
46,470
110,383
46,567
153,167
139,447
98,292
169,706
175,448
163,291
180,636
26,90
27,92
167,17
158,955
106,107
128,768
193,639
140,103
163,455
129,596
9,684
75,873
108,217
58,796
117,565
98,118
51,877
121,974
32,360
119,423
166,721
190,406
2,963
96,801
58,520
73,275
169,271
79,859
107,690
62,5
107,34
4,27
40,810
96,861
133,840
190,615
82,344
44,983
147,441
62,570
101,198
158,660
101,849
14,821
148,440
33,962
163,400
187,178
104,926
82,530
41,448
60,102
182,821
33,517
31,647
148,804
101,864
196,643
67,858
142,163
83,209
24,96
7,448
3,644
198,608
40,29
159,725
140,943
21,586
98,26
191,752
34,465
163,647
200,367
48,246
168,920
57,305
50,549
63,744
200,827
97,789
67,676
14,282
22,958
37,643
6,654
149,888
27,114
118,950
153,126
28,146
73,269
47,96
20,507
93,935
54,401
26,503
6,424
19,499
161,79
54,704
108,385
81,649
116,828
42,185
77,11
46,676
146,647
156,876
9,121
88,356
124,629
154,560
2,163
134,760
66,949
32,198
156,31
138,24
133,525
195,157
56,888
94,118
56,31
84,142
57,86
187,709
33,275
71,494
52,977
24,357
182,565
167,302
120,764
127,447
132,970
103,945
50,257
45,203
176,867
184,288
101,106
150,813
197,602
80,170
53,977
185,500
111,905
115,434
153,766
70,836
82,638
28,622
99,440
52,581
91,383
162,840
17,461
43,911
9,982
131,260
151,420
76,619
166,974
136,361
102,31
30,185
83,440
48,367
63,75
56,673
96,381
38,799
81,126
3,327
177,12
184,337
55,477
146,815
83,921
60,576
17,395
73,617
55,540
56,106
144,285
184,623
172,77
147,915
166,432
175,775
112,326
82,203
51,51
127,511
12,282
108,123
32,464
44,616
84,606
99,243
148,22
73,19
165,803
148,5
119,292
34,862
104,38
137,941
136,41
87,661
5,72
121,98
107,741
78,282
82,772
89,410
21,570
199,321
127,628
13,403
77,714
117,506
165,991
32,864
96,961
159,106
8,230
13,846
3,143
27,331
177,742
112,232
44,91
49,742
95,836
138,6
177,889
14,266
12,114
13,970
78,77
68,338
177,628
98,277
179,175
36,598
118,123
33,327
38,772
150,910
106,653
115,685
32,535
136,247
148,490
170,502
72,330
198,749
124,232
24,271
197,304
183,85
91,572
63,676
166,753
53,712
20,77
127,62
55,14
172,222
120,839
99,193
125,108
88,214
152,780
136,527
81,779
80,726
117,672
40,869
130,109
34,225
94,395
116,889
159,526
52,799
103,193
18,285
109,169
176,315
148,664
27,151
119,898
28,763
29,247
5,916
118,192
69,30
122,678
136,464
91,272
31,950
141,87
91,442
55,155
102,515
111,521
86,55
113,280
95,101
13,665
98,750
109,199
76,194
104,181
153,283
136,623
127,532
111,112
175,52
166,255
29,225
30,55
10,590
69,245
17,545
26,283
58,904
159,717
184,415
101,403
26,226
188,844
178,275
127,211
44,805
53,356
164,295
181,611
74,752
1,97
48,516
180,638
123,757
79,874
177,245
44,323
175,72
43,192
86,922
117,146
4,683
122,439
86,22
46,998
68,903
20,175
174,779
3,609
91,993
122,598
1,501
64,484
29,47
5,581
175,298
59,538
129,172
194,151
199,97
26,312
189,344
116,503
189,360
140,264
170,499
65,374
118,14
91,309
182,342
133,794
170,878
153,496
29,277
176,532
187,656
6,152
106,877
57,676
37,366
128,32
63,592
190,713
111,369
53,763
23,199
97,655
28,989
71,899
161,696
140,921
116,982
135,180
68,933
174,358
85,401
151,428
71,317
49,43
149,533
180,352
157,126
111,815
117,581
89,296
29,993
3,511
176,151
120,698
39,536
75,639
143,681
42,311
125,296
17,819
76,16
117,42
56,290
152,127
14,501
79,6
111,361
170,855
1,52
65,142
90,900
73,805
129,682
197,575
40,977
23,731
70,147
188,202
111,600
21,298
57,33
122,956
91,255
174,653
99,433
103,991
26,915
67,943
78,612
