50000
29,687
9,23
150,66
35,982
61,677
159,973
38,792
169,808
53,177
88,673
88,276
143,591
90,625
183,20
15,555
11,176
69,500
122,556
14,212
165,121
124,499
8,795
58,320
154,919
21,679
49,221
140,139
93,605
19,147
29,214
152,619
200,288
190,605
114,42
155,657
123,972
169,708
72,152
49,800
121,60
43,121
177,204
191,238
76,231
121,412
79,676
35,108
114,515
74,131
56,885
180,658
163,964
105,386
184,109
56,465
29,188
70,30
1,405
68,592
192,58
175,511
131,741
72,49
126,715
5,145
174,362
172,889
104,484
177,867
20,660
120,171
146,398
100,157
8,150
37,791
191,840
7,922
155,496
109,17
150,478
47,916
159,659
170,700
68,871
158,33
58,574
6,873
71,551
154,350
26,496
83,125
145,60
199,942
104,816
62,711
173,505
61,836
56,725
102,23
47,989
150,702
120,940
5,7
163,975
175,271
11,53
140,238
144,846
33,251
12,357
122,764
75,877
162,937
20,447
95,793
174,690
4,923
160,223
124,618
29,903
5,273
62,937
33,800
34,844
118,298
11,839
131,286
183,181
166,995
119,217
132,674
17,867
163,149
128,206
175,273
84,734
112,89
75,967
149,840
175,101
95,290
39,446
105,620
189,986
198,971
16,678
106,498
4,107
36,398
54,917
10,219
13,553
29,188
97,133
145,604
12,700
84,242
17,703
116,597
134,904
63,288
183,236
113,175
39,963
135,192
81,581
7,131
76,821
195,126
56,900
112,837
64,768
19,951
103,442
145,156
118,739
144,95
58,215
192,928
57,705
65,979
110,515
1,578
120,465
68,655
147,991
8,115
84,815
170,404
13,890
11,160
6,972
32,822
25,579
53,292
30,638
138,328
115,963
104,638
141,621
195,1
8,857
200,919
5,962
94,591
69,381
185,543
24,662
141,677
187,920
74,21
5,803
15,24
15,993
170,341
103,815
86,559
186,562
112,409
98,374
46,931
50,348
84,408
117,408
197,220
62,792
64,511
143,104
178,2
40,765
60,566
92,683
151,512
73,259
39,977
189,805
101,428
34,120
165,442
30,862
30,748
195,176
23,578
156,691
35,898
51,4
124,869
135,739
131,992
123,202
133,623
110,396
16,67
104,246
118,475
85,51
48,857
120,951
7,223
114,303
8,9
78,229
133,961
19,694
33,712
130,475
61,982
194,386
113,572
140,882
142,432
163,995
74,896
196,243
200,1000
110,956
183,294
34,987
181,441
42,985
81,458
152,594
12,213
68,192
197,545
182,274
21,856
37,621
126,767
190,617
98,937
143,147
52,366
18,713
62,782
70,337
14,864
6,123
68,982
89,813
126,472
150,572
47,530
108,976
171,842
19,517
38,654
30,204
164,502
41,59
117,516
2,590
127,877
74,374
12,142
154,864
92,751
143,935
111,678
115,859
5,942
82,880
94,39
63,611
54,559
197,273
72,513
173,387
107,230
147,118
69,382
158,455
29,130
194,960
95,486
115,386
104,110
130,392
135,514
91,709
78,134
172,719
1,749
146,889
188,468
165,376
93,990
136,846
42,479
195,121
130,810
53,558
63,771
177,447
46,778
99,966
127,845
170,295
157,79
33,291
67,886
16,838
34,126
30,805
36,546
57,439
47,993
98,892
8,724
88,331
185,771
156,246
14,352
94,251
198,124
55,6
173,175
58,463
195,29
13,134
136,937
102,775
171,45
24,635
70,445
39,751
71,694
151,413
188,124
116,510
171,363
187,594
141,784
189,625
39,982
117,126
135,492
81,618
138,919
171,795
22,864
8,854
106,482
155,389
182,832
198,342
197,27
136,98
28,420
168,139
118,590
53,327
130,741
181,275
41,343
146,745
154,284
148,815
156,306
151,668
54,140
141,58
114,518
111,920
21,202
78,657
28,743
171,865
155,995
39,656
120,595
126,894
107,706
156,516
22,479
169,839
111,236
32,535
24,646
40,486
78,406
74,304
82,568
117,523
179,747
16,439
182,999
102,40
63,986
63,847
125,636
34,549
9,94
167,902
131,183
92,230
71,960
158,630
196,308
103,432
4,379
140,312
120,622
167,980
50,605
163,347
51,503
152,7
100,646
130,261
40,502
105,606
90,110
98,440
183,843
81,398
34,931
83,410
180,878
166,128
47,307
171,271
146,641
46,467
38,862
53,133
8,221
160,267
54,925
131,626
171,451
135,751
61,228
84,789
71,731
165,274
75,598
56,690
5,474
182,594
112,521
59,527
79,58
143,657
167,341
89,527
95,920
155,312
69,627
179,38
100,402
140,381
71,53
131,722
68,697
116,319
180,19
22,764
7,51
145,581
176,145
148,722
36,530
91,281
163,219
123,736
28,533
159,240
185,274
176,280
57,549
30,407
128,493
56,888
62,426
165,306
108,674
85,327
196,87
95,792
126,256
124,700
131,504
141,273
1,136
99,739
17,481
1,377
99,627
68,676
154,86
164,594
63,757
73,805
81,691
159,164
19,749
116,645
82,703
3,613
141,952
104,550
187,645
164,64
56,56
9,193
75,507
166,919
129,297
77,329
36,718
7,906
45,795
67,885
50,309
131,81
6,841
113,313
26,114
100,976
183,859
14,689
184,57
111,607
38,229
181,113
159,632
85,506
34,806
137,605
46,850
130,27
61,71
192,157
38,59
158,726
40,790
77,941
155,67
108,253
85,780
56,44
56,426
177,71
38,326
131,21
34,573
150,513
174,912
137,133
132,683
84,523
89,472
19,520
66,924
45,701
47,771
41,764
128,81
83,112
60,58
121,33
69,779
66,778
183,584
46,303
197,351
12,510
97,559
182,71
1,899
64,778
80,78
105,395
8,785
57,278
89,46
148,141
17,236
84,471
192,851
160,226
163,529
65,771
17,304
162,795
133,209
153,629
84,511
29,907
81,72
190,689
88,788
48,883
103,841
197,401
120,317
67,153
45,98
170,832
194,325
62,250
63,13
64,981
91,405
41,73
176,979
22,25
45,568
184,824
94,489
87,543
13,573
182,201
36,760
148,805
183,303
117,126
93,671
66,842
15,119
101,627
198,623
171,432
166,806
88,474
90,557
102,602
53,101
76,22
108,263
1,736
178,940
8,661
107,724
156,535
20,712
178,996
18,632
140,832
5,550
63,290
68,179
120,494
49,16
189,247
126,738
48,151
24,88
32,774
141,312
148,625
1,769
47,810
66,868
38,783
173,240
53,230
159,75
22,105
48,837
199,205
117,978
97,883
170,635
125,124
9,496
111,735
112,570
171,419
90,838
34,904
56,257
44,39
20,482
99,506
156,926
33,514
43,836
12,410
76,361
113,25
50,759
183,621
113,999
65,419
151,563
109,874
191,138
96,137
122,915
125,211
161,821
3,570
162,966
54,743
127,235
126,428
57,358
111,354
67,533
146,24
24,288
167,351
146,263
11,383
197,757
110,543
186,138
20,243
119,501
15,170
163,613
61,893
152,923
85,37
76,448
19,505
4,920
62,49
42,669
65,432
82,692
126,814
53,191
113,405
106,821
160,257
46,94
150,612
58,580
67,995
52,463
15,943
41,974
121,265
3,743
1,661
193,847
96,982
73,307
131,109
99,925
120,516
34,131
115,871
147,70
130,889
141,184
192,29
105,63
1,57
140,901
85,393
22,244
43,123
84,923
150,448
14,951
155,757
69,547
73,46
127,554
99,816
69,968
111,907
23,472
34,462
148,507
124,287
145,680
156,348
191,789
170,315
27,979
65,132
179,524
90,838
151,177
35,426
2,499
90,744
11,388
166,67
7,327
9,439
79,418
177,521
49,574
199,421
66,152
61,318
45,432
113,240
57,721
188,616
107,37
25,245
94,906
130,208
72,685
101,939
64,143
140,108
184,657
146,693
82,306
57,346
38,300
21,16
88,126
153,220
119,872
35,662
4,457
132,590
8,383
43,608
86,718
21,267
122,559
77,362
57,691
105,715
173,146
119,139
146,319
88,15
4,820
86,557
192,898
189,629
29,485
71,489
155,397
46,568
166,190
177,259
136,241
71,941
134,851
131,716
25,520
79,671
159,407
155,829
43,876
16,827
88,986
4,420
50,410
57,608
195,111
79,727
197,18
120,806
8,176
98,685
83,652
12,474
98,541
191,440
199,449
35,586
106,383
167,745
104,361
53,897
111,114
189,348
23,637
102,351
177,231
61,372
158,495
157,180
88,616
48,324
129,398
182,256
101,789
100,282
168,367
157,808
36,713
191,177
177,171
142,482
62,431
22,849
97,792
200,109
34,460
152,811
173,706
101,674
13,137
151,958
139,658
6,237
195,262
153,247
81,680
24,711
15,162
80,344
61,938
93,752
154,515
115,349
120,161
183,737
17,179
145,761
62,673
32,656
22,256
99,49
104,896
170,799
52,690
55,958
154,446
127,892
92,187
80,841
42,573
37,608
146,27
140,289
195,421
114,760
188,248
61,296
170,665
107,700
115,717
111,878
194,481
189,184
