15000
139,854
117,626
9,518
70,379
120,119
127,534
176,903
153,13
38,711
27,884
24,474
55,898
174,969
18,193
24,366
174,276
115,239
88,638
83,856
73,997
180,200
28,862
176,721
121,65
106,286
79,365
54,303
9,999
145,66
189,103
21,994
194,208
99,939
105,564
54,773
15,194
152,922
23,699
95,847
146,334
18,810
37,519
105,632
194,150
94,701
70,493
71,698
172,754
54,646
46,217
175,84
168,95
130,475
56,634
182,256
41,381
49,894
64,451
125,502
76,490
150,322
133,851
79,663
73,797
100,323
170,265
177,548
86,750
16,798
153,581
102,824
22,942
132,428
54,610
34,566
2,731
148,152
153,532
91,425
28,479
103,61
142,665
64,927
149,958
125,478
72,162
124,699
185,206
94,229
97,569
120,991
108,902
82,82
179,660
42,105
71,960
16,526
70,522
80,329
78,17
117,219
200,566
145,623
25,971
55,858
155,487
68,505
174,578
120,967
79,459
64,412
30,773
133,391
147,683
200,221
189,371
39,429
34,381
55,37
77,801
6,73
92,448
99,725
49,66
166,597
50,633
93,938
173,51
95,993
94,829
136,190
64,696
107,60
118,281
54,884
94,225
179,967
69,174
51,10
78,677
171,672
85,79
29,2
199,520
13,647
78,49
68,166
64,515
137,489
139,190
164,55
159,544
77,662
171,529
37,284
43,775
173,515
119,345
56,780
180,643
173,780
196,745
111,747
178,986
17,828
30,764
54,171
154,778
48,213
123,977
116,238
184,608
98,947
33,558
54,84
151,934
154,747
97,531
165,797
157,708
106,54
131,253
48,433
120,569
30,266
192,695
167,867
77,372
113,304
17,139
171,632
95,909
160,615
76,393
171,426
160,234
168,478
163,84
9,959
72,394
15,500
14,423
102,29
20,446
22,755
17,45
53,96
6,531
88,620
41,159
133,798
196,719
171,218
56,865
78,863
180,288
97,283
166,808
88,952
156,439
193,629
26,323
17,6
181,356
154,463
58,554
63,680
118,498
24,740
200,492
177,8
3,69
78,877
133,463
146,881
44,577
136,523
168,220
28,279
156,837
70,719
111,92
77,749
66,507
160,881
119,824
141,501
98,863
196,24
108,17
71,707
28,475
111,109
25,797
99,614
190,703
154,858
41,326
35,874
161,839
50,476
81,908
140,821
40,809
169,840
168,128
152,345
166,856
132,36
179,524
42,90
194,89
141,233
41,283
181,695
28,705
30,438
68,414
175,497
39,582
96,656
6,404
98,881
153,221
43,499
123,767
191,378
94,688
184,69
169,652
174,991
75,335
101,119
140,870
179,115
103,50
182,935
94,891
161,907
156,237
