50000
10,790
21,420
77,24
193,188
99,951
32,835
30,987
57,355
129,816
166,409
2,321
134,449
168,618
141,913
84,233
91,62
181,378
107,51
157,34
6,853
103,97
149,186
126,117
27,557
38,768
79,724
190,7
7,572
128,523
117,160
58,975
156,30
104,548
67,165
154,151
144,791
187,172
133,358
114,422
169,83
165,720
37,557
113,237
43,559
185,353
32,124
1,535
111,786
192,395
153,805
171,87
68,753
72,175
45,820
30,895
86,777
27,12
65,71
177,606
178,644
114,272
113,924
87,559
22,825
42,382
81,79
72,22
2,226
37,210
55,551
111,20
129,572
45,589
132,668
76,785
114,834
121,168
32,120
1,968
8,557
82,611
135,965
73,362
72,806
190,593
183,367
82,375
68,472
126,367
70,319
157,611
170,528
81,946
1,507
92,234
83,734
48,985
45,999
162,938
67,333
1,193
121,759
194,481
149,472
156,200
57,109
155,149
104,764
177,211
69,393
160,77
199,117
9,289
144,954
63,592
189,143
114,265
4,764
99,391
142,368
45,770
121,865
87,545
68,652
70,772
100,342
153,252
145,179
165,145
36,583
158,323
157,695
115,550
61,304
100,718
135,466
27,645
33,478
13,680
19,257
75,1000
177,91
101,98
175,268
182,44
160,232
37,879
102,272
156,795
91,82
115,273
47,351
106,245
52,39
52,563
95,644
50,399
109,192
113,378
30,727
12,85
149,223
74,754
156,770
128,746
159,568
38,933
70,575
121,365
168,686
164,446
11,277
96,211
45,521
79,453
7,659
91,831
99,148
171,440
154,294
90,39
96,788
67,543
43,115
118,233
125,777
63,122
198,921
125,189
78,768
140,218
90,336
16,214
141,874
66,94
94,542
112,296
81,843
42,794
195,258
130,444
18,234
40,365
10,357
71,660
151,107
18,627
18,98
60,262
17,888
197,49
153,757
129,78
133,362
100,214
68,244
25,252
94,651
117,666
77,565
139,978
29,286
78,492
16,777
58,749
97,290
127,701
93,415
26,271
23,974
97,380
1,420
50,75
176,930
120,451
108,476
172,86
32,26
196,67
130,86
23,805
66,236
47,207
123,545
92,772
57,159
172,609
74,983
155,712
32,764
196,44
47,788
97,281
7,610
62,509
146,223
138,581
126,713
77,91
160,416
190,668
82,764
152,394
26,319
176,824
18,761
192,828
200,470
81,114
46,736
50,589
63,415
193,13
62,428
17,658
130,572
147,19
171,487
111,837
32,607
153,648
95,26
134,255
38,393
90,714
81,942
96,171
150,153
163,202
135,807
54,287
61,444
50,66
125,803
85,416
33,831
192,558
89,623
146,823
173,988
188,438
163,308
161,129
141,144
88,661
175,903
131,792
125,525
174,53
12,231
150,174
175,979
105,800
4,814
68,450
63,899
147,37
178,545
178,199
132,564
197,185
111,854
83,77
36,481
114,468
170,467
71,593
82,884
134,830
138,66
124,801
89,205
66,568
28,310
135,474
182,412
107,655
158,102
181,813
26,464
177,712
116,380
196,745
73,967
37,804
112,102
106,543
195,320
166,985
30,613
136,586
82,796
91,705
120,206
193,872
30,658
90,174
131,922
15,482
123,891
185,434
153,227
144,598
43,902
23,720
71,43
15,270
42,411
188,11
117,796
150,525
151,465
124,289
143,577
34,947
111,589
46,154
104,679
141,347
172,806
150,635
146,810
116,515
137,376
63,143
159,527
31,592
50,431
195,786
160,35
154,157
186,648
82,404
167,439
7,741
92,7
137,769
158,792
100,911
29,548
45,190
125,293
58,808
130,643
190,472
77,88
167,388
182,502
187,506
79,432
47,957
31,176
142,617
112,697
111,903
85,200
129,613
40,358
36,488
144,565
27,691
137,174
50,782
6,593
141,811
81,497
152,269
179,608
164,287
200,787
133,135
64,276
53,438
89,291
172,623
49,12
146,544
52,800
189,72
155,75
128,268
112,657
197,31
169,839
104,176
93,660
22,226
22,764
45,656
19,262
94,367
30,324
60,902
63,486
149,409
33,108
28,263
121,522
125,824
132,961
123,684
126,649
124,679
172,854
70,741
74,456
118,515
60,985
175,666
90,156
30,600
108,514
20,946
27,720
57,164
187,381
130,435
92,664
182,885
57,144
39,533
29,583
24,288
124,668
44,114
173,499
20,689
27,414
92,351
199,115
108,903
135,963
86,968
3,261
171,342
128,524
53,6
196,267
77,407
199,70
65,635
105,887
157,358
118,155
48,526
186,450
123,580
1,262
88,310
13,626
19,992
89,773
142,372
151,936
129,718
106,28
14,989
64,395
160,169
96,918
177,944
102,840
132,870
128,556
164,78
15,234
64,772
42,97
186,269
83,505
123,310
93,404
185,852
165,884
98,456
153,582
109,474
42,41
175,626
56,769
49,872
130,375
135,871
121,377
113,733
88,461
153,373
180,167
199,486
5,531
166,998
30,118
167,825
37,509
64,916
68,723
173,395
9,601
140,780
73,947
99,282
55,96
130,176
188,634
84,615
18,571
141,68
111,595
69,999
57,143
155,965
176,491
43,586
19,709
151,162
61,488
132,152
37,140
93,868
170,683
111,260
133,728
27,913
44,645
20,813
91,1
86,754
182,96
17,243
55,887
76,235
189,692
121,960
61,788
129,380
72,151
93,969
9,818
150,210
119,795
138,947
101,602
191,618
131,865
196,569
184,825
190,889
185,278
80,312
114,496
176,978
69,996
197,712
123,870
97,165
93,817
130,380
147,114
133,913
163,524
40,221
81,333
165,716
66,697
53,893
180,162
161,49
39,244
82,95
21,941
8,647
46,452
124,810
22,103
152,34
90,269
21,22
8,204
148,220
22,370
125,493
149,620
147,537
140,456
113,271
160,48
159,286
24,252
164,443
76,572
65,338
83,171
28,269
87,255
1,384
67,772
119,278
79,495
7,789
132,104
189,990
124,324
20,715
65,996
153,358
101,683
119,968
61,646
148,707
53,73
33,648
180,850
55,493
112,556
168,173
102,49
90,233
158,753
166,762
182,723
89,52
163,862
144,572
167,999
104,253
159,466
26,603
187,278
132,628
199,505
105,579
107,95
139,531
145,924
195,484
65,261
177,236
28,443
21,497
68,978
92,439
114,909
94,777
135,596
115,194
162,134
61,75
154,185
176,525
127,293
37,823
147,685
33,259
10,64
171,391
194,402
133,466
61,546
165,650
22,687
48,356
107,46
66,799
64,28
198,33
197,887
25,923
179,446
131,723
97,335
99,332
34,768
89,204
142,661
25,574
62,62
133,271
23,629
147,742
159,889
69,497
87,755
41,453
197,282
77,173
57,814
6,457
81,412
48,177
101,170
62,950
106,834
153,825
184,283
167,202
77,825
198,605
57,122
124,820
133,804
42,17
32,325
118,203
17,853
87,514
117,227
197,24
145,739
100,154
33,703
155,657
142,664
64,177
112,753
89,306
145,554
110,383
159,990
30,638
100,946
163,560
30,858
113,567
130,412
113,606
198,834
26,957
74,523
26,276
79,831
49,938
173,176
187,993
119,306
159,124
116,325
192,722
69,926
25,942
197,714
124,920
13,454
90,503
119,986
108,967
190,428
25,280
162,962
175,568
148,873
74,878
89,219
109,849
182,615
91,271
34,68
1,732
171,415
160,106
26,304
35,282
83,185
25,788
27,480
48,316
69,756
89,384
2,795
13,587
9,886
1,693
116,777
117,745
155,109
162,680
102,433
176,51
83,599
1,384
154,951
53,970
181,426
133,110
70,447
179,667
55,406
38,697
9,671
121,861
198,427
89,996
132,496
124,963
195,613
168,453
168,963
89,441
163,533
71,58
119,255
8,905
162,874
152,197
138,633
130,764
154,876
85,512
3,119
22,870
168,897
133,382
74,667
166,852
157,367
63,840
46,102
139,80
166,409
65,204
99,733
71,993
55,34
198,496
22,3
130,487
125,82
183,868
180,863
101,761
13,385
38,567
189,333
119,939
105,17
140,628
108,992
142,796
132,203
114,687
26,963
127,682
94,258
136,874
104,664
91,192
17,191
98,285
93,286
165,214
5,881
66,98
74,181
33,939
73,917
159,698
127,740
200,452
185,173
90,462
129,404
162,608
20,910
160,223
1,22
191,604
113,629
112,435
20,528
110,376
147,973
125,459
134,412
192,957
2,87
2,460
117,630
70,430
37,531
59,298
21,484
141,600
147,549
110,659
66,546
185,388
135,189
161,641
73,175
69,614
176,195
85,85
182,896
17,466
21,209
131,850
124,145
128,788
160,804
55,3
124,404
171,295
24,911
154,441
147,614
51,137
164,383
72,252
89,617
81,461
56,316
185,125
184,219
60,547
158,350
5,782
52,787
46,745
10,646
30,874
95,289
195,599
172,532
160,952
154,15
53,906
175,600
139,652
125,564
146,555
88,148
103,219
98,358
81,700
159,301
168,145
54,639
134,399
148,798
96,669
127,52
