30000
81,207
151,72
117,982
71,709
176,935
120,561
189,48
179,375
117,550
18,950
29,629
53,285
186,885
22,676
16,950
101,422
188,51
176,79
138,727
66,128
130,708
192,425
48,310
157,839
17,496
110,411
78,6
66,897
127,737
160,37
122,917
114,263
54,625
28,14
16,484
44,756
187,836
33,128
104,484
11,954
194,296
3,296
83,867
31,686
120,131
64,693
107,650
34,537
30,284
86,933
154,567
51,844
55,706
196,561
119,382
183,917
171,341
162,467
70,334
107,468
148,237
9,341
90,262
127,355
134,625
50,204
30,264
167,193
137,512
46,847
116,647
49,637
186,868
189,798
22,671
167,470
177,960
71,449
188,959
117,52
53,684
101,754
49,564
108,19
149,772
105,66
111,947
115,396
27,235
132,110
116,633
124,716
110,335
184,141
125,930
11,623
20,369
134,751
50,810
86,724
179,546
25,835
79,955
63,502
180,863
182,111
158,669
191,525
8,674
43,204
46,495
133,897
21,878
87,16
190,900
48,948
170,699
17,359
162,368
85,295
58,68
185,443
75,686
24,166
82,136
125,847
156,546
68,306
89,154
69,737
53,230
25,382
191,246
136,621
152,53
17,732
143,804
37,842
35,302
57,122
23,16
112,921
170,267
150,993
130,94
24,562
173,47
56,564
11,840
65,385
17,552
29,935
159,864
114,233
64,135
57,753
101,602
75,570
138,558
123,645
22,483
37,56
21,929
177,77
111,328
89,54
117,138
8,529
110,449
6,673
31,641
58,487
123,383
22,933
19,220
4,612
24,984
31,43
45,690
112,72
129,916
138,87
151,547
48,565
31,686
176,112
14,739
117,667
193,912
179,916
147,795
116,743
107,129
37,618
180,743
64,22
154,137
105,90
120,537
3,607
179,506
119,621
150,371
88,664
200,871
133,32
59,57
104,195
184,229
75,282
152,187
145,5
72,145
95,251
190,785
159,14
43,484
95,856
137,731
98,923
144,400
85,527
170,298
35,673
21,280
139,176
6,129
104,706
63,494
50,379
64,220
42,201
134,473
44,700
169,896
131,596
98,943
136,890
165,3
149,369
102,198
83,837
79,54
50,661
146,727
90,667
76,728
105,370
72,451
131,278
191,700
6,161
141,373
134,217
50,648
27,619
10,10
178,286
40,768
144,754
67,798
173,22
180,272
136,754
125,265
24,51
57,604
33,408
172,398
72,804
77,430
17,40
25,364
84,42
6,586
83,900
172,661
175,602
137,237
36,500
119,858
170,235
89,336
147,740
178,67
141,853
96,617
103,426
108,167
38,454
151,369
156,124
22,78
53,883
3,194
97,666
154,373
142,810
21,561
34,120
159,313
107,797
38,120
188,748
133,328
133,7
179,383
14,521
90,106
24,983
168,836
4,718
47,846
187,54
139,839
20,389
51,742
76,927
36,62
193,164
95,382
173,644
38,261
96,668
18,694
148,628
188,775
112,658
92,425
90,802
158,469
94,314
49,771
169,807
30,375
138,875
88,422
61,382
67,42
8,62
92,643
126,358
84,878
118,582
179,121
105,151
135,912
193,52
137,418
163,61
123,357
13,200
153,305
38,866
87,682
106,450
74,119
109,315
48,201
42,811
39,352
104,802
112,450
182,661
158,327
23,679
38,928
65,435
26,883
26,234
56,31
170,521
189,598
166,227
73,618
18,196
181,676
147,832
38,484
99,7
140,811
119,383
48,393
149,164
2,367
17,379
35,995
11,141
108,640
65,741
43,371
27,542
51,663
170,574
55,5
104,725
59,216
195,930
137,223
19,286
64,257
176,110
57,897
2,197
113,543
138,118
22,31
37,341
124,432
187,727
142,89
77,679
118,51
40,18
135,742
53,331
52,371
178,958
164,861
151,405
57,747
191,91
105,683
128,13
149,241
148,603
142,379
49,89
51,767
103,603
152,312
37,194
24,989
52,709
182,964
155,449
123,56
72,534
146,817
161,285
31,22
29,995
69,108
198,214
114,457
27,176
170,542
8,885
113,351
184,53
74,689
144,533
13,909
179,256
175,855
63,898
65,213
19,537
73,257
2,796
143,361
91,427
56,42
42,798
176,663
39,990
165,24
87,108
157,262
179,116
193,433
23,570
51,408
67,172
154,642
182,158
70,965
3,946
117,253
126,751
105,532
165,6
99,717
193,766
4,106
2,465
115,463
126,941
129,862
66,203
37,109
148,250
112,242
159,21
98,900
79,275
140,394
144,894
4,399
21,679
178,422
127,515
47,605
68,126
37,778
68,689
190,864
81,238
140,279
71,949
36,399
179,740
130,963
171,862
175,939
154,649
43,893
175,414
111,173
190,809
141,353
89,480
160,275
97,507
59,298
129,398
131,511
156,166
62,998
41,749
3,15
181,123
176,397
67,366
64,1000
46,832
23,251
73,941
147,885
112,678
136,239
194,174
43,990
192,60
83,292
40,741
179,651
57,391
75,790
114,346
136,345
57,848
64,363
85,393
143,42
135,8
103,582
188,128
69,810
142,26
154,166
144,111
179,66
101,938
138,590
162,385
162,853
83,387
117,267
169,875
41,734
148,104
161,483
46,803
123,194
133,471
138,750
122,466
140,90
95,570
181,876
49,813
40,210
154,490
177,547
109,9
126,179
105,644
199,855
84,182
57,14
81,507
77,511
181,66
199,89
153,845
117,425
113,521
180,241
195,508
