5000
98,810
19,609
70,786
135,551
107,544
161,385
16,500
180,774
103,582
16,902
13,622
70,333
172,748
36,648
196,95
143,532
119,830
163,720
140,150
117,620
100,626
66,248
94,319
6,252
17,54
68,619
125,109
60,977
130,318
107,110
32,332
11,549
87,340
70,750
171,299
200,275
114,885
12,550
13,568
88,293
21,703
184,389
60,238
91,936
8,381
109,68
14,869
121,901
193,459
79,123
183,965
140,68
70,721
133,588
136,188
142,768
89,290
83,953
97,623
70,217
93,308
30,945
100,720
154,14
30,294
128,287
166,602
91,889
38,823
43,76
171,569
115,577
49,909
86,234
57,977
167,503
24,150
109,825
146,154
59,463
13,543
54,571
107,319
103,287
150,621
94,132
2,667
182,674
200,602
89,210
102,354
167,693
138,301
172,444
98,642
145,198
5,372
145,199
157,587
153,135
