50000
21,246
127,867
154,628
142,523
41,860
150,19
1,896
85,38
34,928
73,583
13,914
193,482
120,218
41,328
55,731
33,671
125,842
37,949
127,376
101,832
182,477
173,519
12,22
172,484
83,640
23,191
192,504
154,232
199,423
139,869
133,374
14,304
170,852
111,361
71,839
83,956
121,811
111,234
6,302
63,243
167,947
136,631
61,30
39,776
25,365
191,763
20,251
91,179
188,568
116,161
73,844
17,166
135,944
80,91
195,655
77,736
13,876
174,205
136,356
171,724
35,731
133,668
192,216
153,381
32,716
124,811
4,880
43,759
180,866
86,535
12,302
136,42
27,699
34,479
90,42
84,254
22,519
3,2
79,524
30,616
12,804
71,737
36,325
139,291
186,707
128,772
113,922
44,484
86,400
26,983
160,557
198,114
47,161
156,358
72,622
12,827
166,416
54,674
10,443
137,939
22,816
162,811
100,371
17,283
29,435
111,329
81,774
176,324
50,332
151,406
183,207
22,602
94,797
121,816
55,479
73,663
150,423
184,582
8,799
97,159
162,635
71,482
156,182
48,452
172,99
119,881
175,106
3,874
90,867
108,949
69,449
33,161
51,727
148,961
81,16
186,17
68,332
175,909
71,76
89,338
96,891
128,866
85,934
60,397
105,779
170,397
88,156
141,728
65,669
105,406
108,980
155,304
43,763
30,640
38,627
123,539
173,935
148,828
33,726
75,281
178,830
53,116
57,481
157,273
65,118
57,176
36,483
84,917
68,681
151,733
87,886
155,916
39,324
171,108
178,32
133,94
119,418
180,376
75,590
58,9
196,608
79,426
187,337
127,549
10,16
25,233
4,469
185,326
38,308
39,899
7,166
170,635
60,450
65,37
133,190
93,9
66,623
37,810
200,560
167,220
34,373
162,9
125,964
195,366
173,202
41,16
21,447
101,82
98,807
174,892
152,733
45,957
138,8
195,304
100,877
172,801
103,754
28,324
81,406
89,882
175,581
149,903
11,273
150,270
84,847
91,225
124,622
100,774
20,669
9,607
155,721
175,66
149,683
197,618
157,652
177,971
134,187
184,907
68,710
36,967
177,134
184,774
134,409
181,283
31,507
150,598
42,990
74,640
13,945
141,952
8,266
163,496
32,931
12,63
38,335
88,493
112,511
15,349
188,306
41,806
100,73
45,688
136,92
30,18
57,294
161,651
107,101
144,641
8,665
187,724
183,366
75,857
99,506
39,308
131,295
65,364
49,100
198,313
184,840
109,736
184,838
18,750
148,643
198,46
200,607
124,625
29,476
114,123
118,668
102,602
142,701
61,123
161,827
149,683
193,696
187,605
119,75
178,783
29,928
46,899
19,381
182,721
35,897
56,135
112,286
43,375
115,868
87,98
70,139
117,739
56,585
25,17
197,923
70,30
177,301
91,562
73,361
109,753
4,248
146,279
95,60
28,762
129,794
108,514
69,727
98,91
79,585
52,99
89,857
182,277
192,975
115,946
120,891
194,128
161,287
92,746
161,706
97,939
32,26
141,558
23,254
55,578
24,561
34,499
185,203
20,350
100,451
23,154
159,707
20,294
52,494
31,807
125,650
71,84
77,192
112,884
103,91
140,415
17,712
167,728
181,984
12,475
48,924
5,363
174,901
129,99
139,96
7,47
5,259
65,504
173,124
101,320
107,271
22,332
20,121
138,673
182,935
178,558
138,420
141,858
100,96
63,456
3,146
62,317
188,940
151,404
23,988
69,895
110,120
36,470
147,481
62,277
165,972
195,127
131,405
116,215
181,993
115,880
23,97
94,741
181,902
18,597
37,607
66,769
175,369
70,261
184,42
77,976
127,592
37,821
81,71
97,202
53,628
33,391
23,438
167,639
163,510
82,878
164,222
59,665
115,784
35,816
104,25
158,672
96,738
52,259
176,707
106,410
115,327
150,546
179,79
81,194
196,801
3,434
188,12
163,678
52,988
73,145
191,902
143,766
41,55
32,18
160,964
77,156
156,32
88,609
100,377
25,38
150,542
191,452
6,266
161,198
55,269
89,194
82,458
120,13
64,780
81,665
103,899
70,275
84,840
36,586
121,563
65,672
178,461
151,344
180,394
111,607
173,207
22,713
38,828
187,908
41,61
193,572
174,887
94,196
31,352
86,866
116,829
113,968
77,419
112,626
148,654
43,180
48,770
177,394
68,25
198,65
104,473
14,730
71,499
78,310
170,524
113,162
164,814
9,39
152,365
199,67
177,756
154,391
68,15
134,810
197,927
131,353
74,483
51,846
179,459
83,626
18,885
94,353
117,877
167,805
49,793
94,597
34,872
7,350
1,28
42,235
21,936
159,571
161,418
121,705
196,234
170,156
79,791
94,988
143,699
179,377
49,117
22,401
152,3
169,152
45,153
108,238
29,337
198,801
2,9
23,924
187,332
124,593
191,560
45,81
162,307
61,70
121,418
144,467
34,620
187,878
101,889
178,567
126,34
125,161
85,502
104,628
82,322
88,829
36,847
147,435
43,98
172,68
26,156
2,425
51,686
43,64
114,736
54,903
79,752
38,550
92,629
1,545
54,919
199,29
162,1
101,6
117,741
195,929
58,378
39,484
85,162
65,99
127,439
55,47
142,772
10,879
70,419
5,997
122,623
61,519
128,734
123,120
197,383
136,546
39,854
142,484
179,400
111,806
141,280
67,484
200,533
130,679
138,443
196,460
169,44
183,216
24,956
21,153
198,955
96,801
33,598
171,751
187,697
45,431
6,128
185,387
197,272
148,122
65,535
178,260
43,601
65,733
26,669
135,75
51,273
44,497
60,275
8,901
27,440
194,945
36,28
51,964
176,932
78,630
39,157
99,278
199,444
70,955
60,892
70,734
19,893
59,101
85,804
28,423
25,674
11,780
197,347
33,435
137,601
146,436
4,407
7,215
52,866
54,766
157,109
86,238
171,843
120,948
177,633
170,687
2,822
118,888
121,56
64,184
174,214
48,848
161,143
86,347
144,38
200,131
115,961
190,888
116,140
153,379
47,836
109,427
28,843
65,906
93,799
149,114
196,413
127,886
15,194
147,284
146,484
80,198
72,161
169,75
168,47
18,433
14,884
179,672
14,523
140,250
169,675
142,692
181,223
43,80
62,978
10,334
105,158
21,792
177,555
70,452
76,440
2,327
8,726
122,698
184,370
49,818
125,36
189,333
105,383
76,101
140,703
141,420
115,578
47,31
158,752
131,946
76,177
114,601
56,821
182,698
58,37
56,990
89,444
51,913
159,563
174,578
65,429
159,983
73,983
191,137
1,376
132,6
70,408
83,961
153,721
45,377
137,359
95,467
20,515
34,621
77,155
189,372
181,611
86,27
138,332
194,275
168,249
71,177
22,334
98,387
152,645
149,739
130,531
46,329
143,506
127,992
61,651
142,903
7,998
10,866
128,881
136,267
25,411
185,818
190,712
161,904
13,729
95,808
88,955
101,705
79,45
88,158
42,659
163,135
168,970
177,810
10,842
63,920
106,732
103,613
65,670
23,434
138,744
37,330
8,421
164,177
85,298
51,9
88,643
168,735
33,53
51,489
30,806
73,585
114,529
178,446
22,953
137,653
117,145
93,289
33,502
66,75
78,49
71,132
112,997
182,729
108,183
173,84
9,549
108,122
33,937
143,77
2,130
53,795
142,785
174,558
42,416
138,494
42,911
194,540
93,290
142,644
22,141
48,875
131,723
92,622
103,78
106,964
76,21
170,957
68,337
123,597
50,187
189,424
21,592
45,662
57,486
152,976
141,685
70,194
40,734
198,122
129,480
68,949
43,973
60,858
96,90
65,602
12,931
199,639
133,915
98,373
21,629
134,339
75,550
135,487
77,513
198,882
70,485
31,269
40,25
81,509
196,88
126,234
92,678
12,570
148,222
83,21
192,599
87,531
44,978
4,31
79,925
109,344
52,520
116,945
147,363
79,276
25,609
166,435
182,326
90,925
152,129
164,696
117,496
186,222
159,283
198,499
48,286
7,20
164,182
102,235
193,658
7,951
44,440
91,183
50,997
58,703
65,998
118,682
183,650
196,990
104,211
179,941
86,805
190,775
115,166
132,576
54,37
160,909
184,902
119,73
182,484
62,843
176,251
21,983
53,920
130,890
63,181
145,425
50,547
166,621
87,500
12,18
129,963
76,123
155,145
3,455
178,466
125,46
60,764
41,452
170,734
179,204
162,260
92,314
135,41
57,196
141,896
94,916
200,457
78,476
177,735
86,364
1,920
52,744
84,95
60,462
200,788
99,682
163,834
77,387
4,327
164,406
148,856
89,22
48,935
128,637
115,395
157,281
12,55
120,829
95,587
93,525
111,860
149,111
189,283
195,816
64,680
39,329
54,822
34,372
57,418
182,379
24,111
80,175
89,695
83,111
43,920
35,750
28,613
118,402
170,823
91,737
144,476
148,782
115,89
105,671
198,828
78,932
116,171
2,246
58,742
189,998
26,668
168,158
53,946
70,971
